  0.12500000000000000        3.2468809162614756        5.8586591161913900E-005
  0.25000000000000000        3.2469699067342699        7.0620212790813112E-005
  0.37500000000000000        3.2469670973661624       -2.9407615269084401E-005
  0.50000000000000000        3.2469362582474255       -4.9710002980471545E-005
  0.62500000000000000        3.2468242702647654        1.5030392877580265E-005
  0.75000000000000000        3.2469713197073262        1.1330629920643779E-004
  0.87500000000000000        3.2469748617954854        1.4589798987714994E-005
   1.0000000000000000        3.2469377319953034        2.6886211076631962E-005
   1.1250000000000000        3.2469963671170481        4.1931087156920599E-006
   1.2500000000000000        3.2469028733582679        199.99999265631456     
   1.3750000000000000        3.2468692470396867       -4.2843604105367404E-005
   1.5000000000000000        3.2468634652702262        9.6210691620357300E-005
   1.6250000000000000        3.2469999019673574        5.0317302677255614E-005
   1.7500000000000000        3.2468188036106342       -1.8705332242817701E-005
   1.8750000000000000        3.2468752050066256        6.9463297832996298E-005
   2.0000000000000000        303.24697845347214        4.4473891641934294E-004
   2.1250000000000000        3.2470762780128304        1.3753552753323673E-005
   2.2500000000000000        3.2470638518231070        2.9232690715564775E-005
   2.3750000000000000        3.2470065810964392        6.7261624960252039E-006
   2.5000000000000000        3.2469709876198518        7.5545406868562492E-005
   2.6250000000000000        3.2470059790926982        2.3467985193082141E-005
   2.7500000000000000        3.2470099089469304        1.7286712948864432E-005
   2.8750000000000000        3.2469687178893851        2.4060969859653251E-005
   3.0000000000000000        3.2469567077506389       -1.0336744309614145E-005
   3.1250000000000000        3.2469731656592988        1.1676010762615445E-004
   3.2500000000000000        3.2470118097084035        6.2433767770021228E-005
   3.3750000000000000        3.2470575562996924        6.8409002781198369E-006
   3.5000000000000000        3.2469566821630860        6.2011975296551947E-005
   3.6250000000000000        3.2470362425648207       -2.4757142347755996E-005
   3.7500000000000000        3.2469327512319115        8.3020601190745462E-005
   3.8750000000000000        3.2470678279974812        1.0100249345287445E-004
   4.0000000000000000        3.2470265587761480       -1.5514104354020373E-005
   4.1250000000000000        3.2470418156768845       -1.0821129987165248E-005
   4.2500000000000000        3.2469867674521353       -6.4942533440020193E-006
   4.3750000000000000        3.2469214360241856        2.8462779866882047E-005
   4.5000000000000000        3.2470037974587251        1.0518600993819548E-004
   4.6250000000000000        3.2471332975033191        8.9121571589484297E-005
   4.7500000000000000        3.2470622913683904       -8.6996918183598331E-005
   4.8750000000000000        3.2469793084973864       -5.4680421850074483E-005
   5.0000000000000000        3.2469639304855065        4.0812307473380403E-005
   5.1250000000000000        3.2469849729935176       -2.1639075832993938E-005
   5.2500000000000000        3.2470206224183156        6.9155149644622172E-006
   5.3750000000000000        3.2470057514846640        6.4739366526521161E-005
   5.5000000000000000        3.2470269905511291       -4.2755087799371390E-005
   5.6250000000000000        3.2469584075829108       -2.0638005941831250E-005
   5.7500000000000000        3.2471123213105808        8.1996539359994010E-005
   5.8750000000000000        3.2470141969283999       -9.3420462809167329E-005
   6.0000000000000000        3.2469200731734138       -6.0631915999171881E-005
   6.1250000000000000        3.2470062670466660        2.8006476312100360E-005
   6.2500000000000000        3.2469268615170885       -6.0491996522968135E-006
   6.3750000000000000        3.2469759363577211        4.0873939575978706E-005
   6.5000000000000000        3.2470747136166009       -2.0435936100725052E-005
   6.6250000000000000        3.2470334740211464       -5.9961771740180595E-005
   6.7500000000000000        3.2469623236370433       -5.6260756400813641E-005
   6.8750000000000000        3.2469224150657858       -1.9184503519236401E-005
   7.0000000000000000        3.2470077511311772        5.2583809152627505E-005
   7.1250000000000000        3.2469619597192687       -4.5950507884471301E-005
   7.2500000000000000        3.2469713105302422       -1.9463041039968641E-005
   7.3750000000000000        3.2469203465818577       -6.1048425419227666E-006
   7.5000000000000000        3.2469752027663819        2.6379672381075215E-006
   7.6250000000000000        3.2469586538498256        2.7411088763323235E-005
   7.7500000000000000        3.2470133743835508       -8.5682155667260126E-006
   7.8750000000000000        3.2469618199265593       -6.8931180471886588E-005
   8.0000000000000000        3.2469174875514479       -4.3428821107167900E-005
   8.1250000000000000        3.2469373397671961        1.5086150272543952E-005
   8.2500000000000000        3.2469833446960337        4.5018551006559215E-005
   8.3750000000000000        3.2469472144690883       -1.5860468125091724E-005
   8.5000000000000000        3.2469656200892767        2.2254090654773199E-005
   8.6250000000000000        3.2469455648046188       -4.4844726487953379E-005
   8.7500000000000000        3.2469382060806726        2.6372997585058374E-005
   8.8750000000000000        3.2469514744511048        1.8536613321846171E-005
   9.0000000000000000        3.2469936395952614       -1.8445115474609493E-005
   9.1250000000000000        3.2468928775965633        9.0028818546269325E-006
   9.2500000000000000        3.2469600818659323        1.7940199624066674E-005
   9.3750000000000000        3.2469325634363440       -1.3406063578571661E-005
   9.5000000000000000        3.2469624773935468        8.9856015118529043E-005
   9.6250000000000000        3.2469894725993531        9.2751314520068810E-006
   9.7500000000000000        3.2469226979936376       -1.1924428723478522E-005
   9.8750000000000000        3.2469196568141099        4.4105036371139626E-005
   10.000000000000000        3.2469737031107226        1.0566362197454355E-005
   10.125000000000000        3.2469390183094191        1.4406355855174948E-005
   10.250000000000000        3.2469977862332655        4.8570494335381119E-005
   10.375000000000000        3.2469655682134508       -9.9101521153968761E-006
   10.500000000000000        3.2468755762881893        1.4281026571983764E-005
   10.625000000000000        3.2469399667712233        5.8600063126733551E-005
   10.750000000000000        3.2469642467992825        5.6046644919668442E-005
   10.875000000000000        3.2469687411102779        3.4744229042366248E-005
   11.000000000000000        3.2469530172307621        2.2621911014678882E-005
   11.125000000000000        3.2469638703136008       -4.3435638810691865E-006
   11.250000000000000        3.2469781771859250        4.2846978521670609E-005
   11.375000000000000        3.2469017257077120        1.5427732732451001E-005
   11.500000000000000        3.2469749293394523        4.2629839043668224E-005
   11.625000000000000        3.2469475643863674        2.5751800560595888E-005
   11.750000000000000        3.2469430654556417        5.5677595476579689E-005
   11.875000000000000        3.2469936448220285        3.2967337027645102E-005
   12.000000000000000        3.2469693617761606        3.9138415506843169E-005
   12.125000000000000        3.2469440229454181        5.0748215183556116E-005
   12.250000000000000        3.2469605269632797       -2.4045192427347349E-005
   12.375000000000000        3.2469524835318810        7.6906302829082040E-006
   12.500000000000000        3.2469210138435360        2.8995637434285354E-005
   12.625000000000000        3.2469516045997953        5.0302680968784691E-005
   12.750000000000000        3.2469587687290185        8.2043367655095509E-005
   12.875000000000000        3.2469413860542264        7.2568572905216662E-006
   13.000000000000000        3.2469658431412634        1.8876637785406546E-005
   13.125000000000000        3.2469892428892662        2.5060828535429298E-005
   13.250000000000000        3.2469377778768651        2.3650929149900552E-006
   13.375000000000000        3.2469413866965180        3.2309340476774106E-005
   13.500000000000000        3.2469678590743598        1.5453172642937858E-005
   13.625000000000000        3.2468937573963021        4.2678425446433495E-005
   13.750000000000000        3.2469693069464087        1.5287913352581376E-005
   13.875000000000000        3.2469540919787674        6.2508833884666537E-005
   14.000000000000000        3.2469423257641212        3.5577172631915173E-005
   14.125000000000000        3.2469571296937678        2.3492078005977632E-005
   14.250000000000000        3.2469517085139010        2.2296673451482939E-006
   14.375000000000000        3.2469264932847524       -2.8090451683381246E-007
   14.500000000000000        3.2468611574584538        4.4084057701077281E-005
   14.625000000000000        3.2469501952905744        6.8328018187167403E-005
   14.750000000000000        3.2469814517011595        9.9024782027239751E-006
   14.875000000000000        3.2469217094192553        4.4123753388907762E-005
   15.000000000000000        3.2469554087240411        4.8026901037359772E-005
   15.125000000000000        3.2469003651950872        1.4553617412816627E-005
   15.250000000000000        3.2469023938747466        7.0653958870935224E-005
   15.375000000000000        3.2469681438486275        4.9531275956090577E-005
   15.500000000000000        3.2469401103311775       -3.0970672972602188E-005
   15.625000000000000        3.2469091382795625        7.2375370800029825E-005
   15.750000000000000        3.2469355840111049        4.1119746864649889E-005
   15.875000000000000        3.2468672877755105        5.0150980287288341E-005
   16.000000000000000        3.2469669383846620        7.7701728338483404E-005
   16.125000000000000        3.2469236429003061        4.0826010490575089E-005
   16.250000000000000        3.2469092211929316        3.3101815767992633E-005
   16.375000000000000        3.2469154018455990        1.0443915911149325E-004
   16.500000000000000        3.2469342568873616        3.7467002551649808E-005
   16.625000000000000        3.2469146227006584        7.5714537133551030E-005
   16.750000000000000        3.2469494981188527        1.4976943625195764E-005
   16.875000000000000        3.2469022068014617        4.5057007841014200E-005
   17.000000000000000        3.2468810351419819        1.0372929275706246E-004
   17.125000000000000        3.2469240147140597        1.2939979347020896E-004
   17.250000000000000        3.2469741822637976        6.9214469014898281E-005
   17.375000000000000        3.2469180354166611        3.3420494495569196E-005
   17.500000000000000        3.2469331151435172        5.8391187500378129E-005
   17.625000000000000        3.2468767453318303        6.7342321252231543E-005
   17.750000000000000        3.2469261478990190        8.0923314142101693E-005
   17.875000000000000        3.2469151846786883        1.0764635345247193E-004
   18.000000000000000        3.2469593112671742        9.3623271468747446E-006
   18.125000000000000        3.2468722479789389        8.1393818636005553E-005
   18.250000000000000        3.2469103657634895        1.1875301708819493E-004
   18.375000000000000        3.2469796581070915        1.2275576963814035E-004
   18.500000000000000        3.2470189670877216        8.3550389214492407E-005
   18.625000000000000        3.2469181787843899        2.2578826076466644E-005
   18.750000000000000        3.2468670025971447        6.9864012234594801E-005
   18.875000000000000        3.2469442138432720        3.6197485275217707E-005
   19.000000000000000        3.2468557199637638        1.2524941941951750E-004
   19.125000000000000        3.2469474313605349        1.5848530972606422E-004
   19.250000000000000        3.2470430247403512       -1.6453310021726552E-005
   19.375000000000000        3.2468864382263987        8.6690018726139141E-005
   19.500000000000000        3.2469521988139123        1.0936000072385091E-004
   19.625000000000000        3.2469279739136852        2.4588977532574989E-006
   19.750000000000000        3.2469396713732452        6.0923629836551890E-005
   19.875000000000000        3.2469006429259339        9.0171509157431482E-005
   20.000000000000000        3.2468759917907350        2.8471456899433576E-005
   20.125000000000000        3.2468874985598788        1.2478128623419343E-004
   20.250000000000000        3.2469663180861703        1.5799009455886087E-004
   20.375000000000000        3.2470328315278829       -1.7155699576020087E-005
   20.500000000000000        3.2468984529493792       -3.2160362149081506E-005
   20.625000000000000        3.2468107686249681        4.5728356148841260E-005
   20.750000000000000        3.2468702656536941        8.1972773256628291E-005
   20.875000000000000        3.2469188810229097        8.7722403127925096E-005
   21.000000000000000        3.2468964819741193        9.3992626209650964E-005
   21.125000000000000        3.2469297637870200       -2.0766870790833969E-005
   21.250000000000000        3.2467856714340995       -8.2295677686040284E-007
   21.375000000000000        3.2468788888832489        1.0916656985705097E-004
   21.500000000000000        3.2467874934832994        2.4894204634844479E-005
   21.625000000000000        3.2468745458850607        8.2907389530830996E-005
   21.750000000000000        3.2468124091024944        3.0565167379748357E-005
   21.875000000000000        3.2467539568097594       -2.0013401248166284E-005
   22.000000000000000        3.2467130015111891        1.1144296481923779E-004
   22.125000000000000        3.2466938399607175        8.2164832646974408E-005
   22.250000000000000        3.2466938649341559        9.5016146408891371E-005
   22.375000000000000        3.2466328077394806        9.6140512814292073E-005
   22.500000000000000        3.2465127962851112        5.2979131109086514E-005
   22.625000000000000        3.2464076411644216        1.3288125517239797E-004
   22.750000000000000        3.2461849496435278        1.2445687833974610E-004
   22.875000000000000        3.2453607726512610        1.5832399665942993E-004
   23.000000000000000        303.24693069270216        4.9976444446813385E-003
   23.125000000000000        3.2484951760654681        1.6296622152028813E-004
   23.250000000000000        3.2476018751156532        3.0491777684147074E-004
   23.375000000000000        3.2475024990148587        3.2663386568482851E-004
   23.500000000000000        3.2472245864191729        4.6405058468172310E-004
   23.625000000000000        3.2471443841455949        1.1572474011003607E-003
   23.750000000000000        3.2506166280374313       -199.99999397097508     
   23.875000000000000        3.2471706290626345       -1.1215737536052004E-003
   24.000000000000000        3.2470791078994048       -5.9097863273982899E-004
   24.125000000000000        3.2470897411072590       -3.9680481874657190E-004
   24.250000000000000        3.2470640697078972       -4.0685768838555082E-004
   24.375000000000000        3.2468979458624423       -2.5756943524409768E-004
   24.500000000000000        3.2469930286129687       -1.6102483285628397E-004
   24.625000000000000        3.2470084930750409       -1.6094032726508920E-004
   24.750000000000000        3.2469969704140627       -2.4822746780246447E-004
   24.875000000000000        3.2468942943003682       -2.2916966942259596E-004
   25.000000000000000        3.2468817707793201       -1.6833509475913628E-004
