           0  -7200.00000    
           1 -0.733333349    
           2 -0.334444433    
           3 -0.193333328    
           4 -0.222222224    
           5 -0.167777777    
           6 -0.194444448    
           7 -0.201111108    
           8 -0.202222228    
           9 -0.184444442    
          10 -0.223333329    
          11 -0.216666669    
          12 -0.203333333    
          13 -0.191111118    
          14 -0.204444438    
          15 -0.178888887    
          16 -0.135555550    
          17 -0.196666673    
          18 -0.218888894    
          19 -0.212222219    
          20 -0.208888888    
          21 -0.221111104    
          22 -0.196666673    
          23 -0.225555554    
          24 -0.205555558    
          25 -0.206666663    
          26 -0.223333329    
          27 -0.183333337    
          28 -0.177777782    
          29 -0.208888888    
          30 -0.203333333    
          31 -0.178888887    
          32 -0.232222229    
          33 -0.239999995    
          34 -0.242222220    
          35 -0.204444438    
          36 -0.224444449    
          37 -0.198888883    
          38 -0.156666666    
          39 -0.202222228    
          40 -0.207777783    
          41 -0.230000004    
          42 -0.212222219    
          43 -0.173333332    
          44 -0.217777774    
          45 -0.192222223    
          46 -0.188888893    
          47 -0.221111104    
          48 -0.236666664    
          49 -0.230000004    
          50 -0.189999998    
          51 -0.211111113    
          52 -0.181111112    
          53 -0.216666669    
          54 -0.232222229    
          55 -0.223333329    
          56 -0.191111118    
          57 -0.156666666    
          58 -0.177777782    
          59 -0.223333329    
          60 -0.211111113    
          61 -0.198888883    
          62 -0.219999999    
          63 -0.157777771    
          64 -0.180000007    
          65 -0.195555553    
          66 -0.215555549    
          67 -0.218888894    
          68 -0.175555557    
          69 -0.153333336    
          70 -0.184444442    
          71 -0.191111118    
          72 -0.201111108    
          73 -0.204444438    
          74 -0.225555554    
          75 -0.207777783    
          76 -0.213333338    
          77 -0.185555562    
          78 -0.143333331    
          79 -0.183333337    
          80 -0.230000004    
          81 -0.227777779    
          82 -0.224444449    
          83 -0.213333338    
          84 -0.197777778    
          85 -0.235555559    
          86 -0.191111118    
          87 -0.219999999    
          88 -0.228888884    
          89 -0.206666663    
          90 -0.185555562    
          91 -0.205555558    
          92 -0.217777774    
          93 -0.175555557    
          94 -0.212222219    
          95 -0.228888884    
          96 -0.192222223    
          97 -0.213333338    
          98 -0.198888883    
          99 -0.181111112    
         100 -0.193333328    
         101 -0.243333340    
         102 -0.201111108    
         103 -0.245555550    
         104 -0.193333328    
         105 -0.195555553    
         106 -0.218888894    
         107 -0.206666663    
         108 -0.143333331    
         109 -0.188888893    
         110 -0.168888882    
         111 -0.213333338    
         112 -0.195555553    
         113 -0.193333328    
         114 -0.197777778    
         115 -0.226666674    
         116 -0.172222227    
         117 -0.154444441    
         118 -0.194444448    
         119 -0.198888883    
         120 -0.192222223    
         121 -0.141111106    
         122 -0.159999996    
         123 -0.191111118    
         124 -0.227777779    
         125 -0.211111113    
         126 -0.177777782    
         127 -0.215555549    
         128 -0.197777778    
         129 -0.135555550    
         130 -0.192222223    
         131 -0.178888887    
         132 -0.203333333    
         133 -0.246666670    
         134 -0.201111108    
         135 -0.198888883    
         136 -0.194444448    
         137 -0.207777783    
         138 -0.180000007    
         139 -0.189999998    
         140 -0.206666663    
         141 -0.221111104    
         142 -0.203333333    
         143 -0.224444449    
         144 -0.177777782    
         145 -0.214444444    
         146 -0.186666667    
         147 -0.189999998    
         148 -0.225555554    
         149 -0.221111104    
         150 -0.213333338    
         151 -0.194444448    
         152 -0.204444438    
         153 -0.214444444    
         154 -0.211111113    
         155 -0.231111109    
         156 -0.223333329    
         157 -0.231111109    
         158 -0.226666674    
         159 -0.228888884    
         160 -0.193333328    
         161 -0.211111113    
         162 -0.196666673    
         163 -0.192222223    
         164 -0.206666663    
         165 -0.221111104    
         166 -0.252222210    
         167 -0.262222230    
         168 -0.222222224    
         169 -0.182222217    
         170 -0.174444437    
         171 -0.187777773    
         172 -0.176666662    
         173 -0.219999999    
         174 -0.209999993    
         175 -0.184444442    
         176 -0.200000003    
         177 -0.243333340    
         178 -0.189999998    
         179 -0.183333337    
         180 -0.183333337    
         181 -0.212222219    
         182 -0.203333333    
         183 -0.224444449    
         184 -0.203333333    
         185 -0.189999998    
         186 -0.211111113    
         187 -0.195555553    
         188 -0.194444448    
         189 -0.185555562    
         190 -0.198888883    
         191 -0.215555549    
         192 -0.235555559    
         193 -0.222222224    
         194 -0.170000002    
         195 -0.209999993    
         196 -0.195555553    
         197 -0.177777782    
         198 -0.138888896    
         199 -0.228888884    
         200 -0.174444437    
         201 -0.193333328    
         202 -0.195555553    
         203 -0.206666663    
         204 -0.224444449    
         205 -0.182222217    
         206 -0.194444448    
         207 -0.213333338    
         208 -0.174444437    
         209 -0.212222219    
         210 -0.197777778    
         211 -0.215555549    
         212 -0.224444449    
         213 -0.253333330    
         214 -0.235555559    
         215 -0.219999999    
         216 -0.181111112    
         217 -0.170000002    
         218 -0.202222228    
         219 -0.175555557    
         220 -0.184444442    
         221 -0.193333328    
         222 -0.188888893    
         223 -0.175555557    
         224 -0.234444439    
         225 -0.198888883    
         226 -0.188888893    
         227 -0.166666672    
         228 -0.176666662    
         229 -0.198888883    
         230 -0.265555561    
         231 -0.198888883    
         232 -0.170000002    
         233 -0.176666662    
         234 -0.186666667    
         235 -0.209999993    
         236 -0.213333338    
         237 -0.207777783    
         238 -0.202222228    
         239 -0.186666667    
         240 -0.227777779    
         241 -0.200000003    
         242 -0.215555549    
         243 -0.223333329    
         244 -0.209999993    
         245 -0.177777782    
         246 -0.205555558    
         247 -0.176666662    
         248 -0.248888895    
         249 -0.216666669    
         250 -0.183333337    
         251 -0.162222221    
         252 -0.207777783    
         253 -0.233333334    
         254 -0.182222217    
         255 -0.188888893    
         256 -0.213333338    
         257 -0.204444438    
         258 -0.224444449    
         259 -0.218888894    
         260 -0.198888883    
         261 -0.165555552    
         262 -0.211111113    
         263 -0.248888895    
         264 -0.202222228    
         265 -0.215555549    
         266 -0.244444445    
         267 -0.222222224    
         268 -0.208888888    
         269 -0.177777782    
         270 -0.195555553    
         271 -0.219999999    
         272 -0.242222220    
         273 -0.197777778    
         274 -0.173333332    
         275 -0.235555559    
         276 -0.227777779    
         277 -0.202222228    
         278 -0.159999996    
         279 -0.167777777    
         280 -0.231111109    
         281 -0.213333338    
         282 -0.165555552    
         283 -0.182222217    
         284 -0.181111112    
         285 -0.162222221    
         286 -0.211111113    
         287 -0.209999993    
         288 -0.151111111    
         289 -0.230000004    
         290 -0.224444449    
         291 -0.215555549    
         292 -0.227777779    
         293 -0.173333332    
         294 -0.176666662    
         295 -0.168888882    
         296 -0.226666674    
         297 -0.204444438    
         298 -0.207777783    
         299 -0.197777778    
         300 -0.174444437    
         301 -0.207777783    
         302 -0.222222224    
         303 -0.232222229    
         304 -0.239999995    
         305 -0.216666669    
         306 -0.195555553    
         307 -0.216666669    
         308 -0.198888883    
         309 -0.184444442    
         310 -0.212222219    
         311 -0.233333334    
         312 -0.218888894    
         313 -0.206666663    
         314 -0.238888890    
         315 -0.239999995    
         316 -0.205555558    
         317 -0.177777782    
         318 -0.195555553    
         319 -0.206666663    
         320 -0.237777784    
         321 -0.171111107    
         322 -0.204444438    
         323 -0.175555557    
         324 -0.162222221    
         325 -0.201111108    
         326 -0.172222227    
         327 -0.195555553    
         328 -0.195555553    
         329 -0.189999998    
         330 -0.191111118    
         331 -0.172222227    
         332 -0.208888888    
         333 -0.208888888    
         334 -0.189999998    
         335 -0.173333332    
         336 -0.197777778    
         337 -0.204444438    
         338 -0.221111104    
         339 -0.241111115    
         340 -0.237777784    
         341 -0.211111113    
         342 -0.198888883    
         343 -0.174444437    
         344 -0.191111118    
         345 -0.217777774    
         346 -0.194444448    
         347 -0.231111109    
         348 -0.256666660    
         349 -0.195555553    
         350 -0.162222221    
         351 -0.193333328    
         352 -0.175555557    
         353 -0.204444438    
         354 -0.241111115    
         355 -0.231111109    
         356 -0.250000000    
         357 -0.200000003    
         358 -0.192222223    
         359 -0.237777784    
         360 -0.226666674    
         361 -0.232222229    
         362 -0.243333340    
         363 -0.221111104    
         364 -0.223333329    
         365 -0.180000007    
         366 -0.196666673    
         367 -0.219999999    
         368 -0.215555549    
         369 -0.191111118    
         370 -0.188888893    
         371 -0.176666662    
         372 -0.191111118    
         373 -0.205555558    
         374 -0.191111118    
         375 -0.207777783    
         376 -0.230000004    
         377 -0.225555554    
         378 -0.203333333    
         379 -0.226666674    
         380 -0.192222223    
         381 -0.219999999    
         382 -0.191111118    
         383 -0.208888888    
         384 -0.203333333    
         385 -0.228888884    
         386 -0.207777783    
         387 -0.171111107    
         388 -0.181111112    
         389 -0.163333327    
         390 -0.198888883    
         391 -0.196666673    
         392 -0.157777771    
         393 -0.207777783    
         394 -0.211111113    
         395 -0.175555557    
         396 -0.196666673    
         397 -0.230000004    
         398 -0.204444438    
         399 -0.194444448    
         400 -0.197777778    
         401 -0.218888894    
         402 -0.214444444    
         403 -0.238888890    
         404 -0.202222228    
         405 -0.203333333    
         406 -0.221111104    
         407 -0.234444439    
         408 -0.246666670    
         409 -0.252222210    
         410 -0.207777783    
         411 -0.155555561    
         412 -0.191111118    
         413 -0.236666664    
         414 -0.202222228    
         415 -0.201111108    
         416 -0.230000004    
         417 -0.193333328    
         418 -0.233333334    
         419 -0.178888887    
         420 -0.144444451    
         421 -0.228888884    
         422 -0.178888887    
         423 -0.168888882    
         424 -0.207777783    
         425 -0.226666674    
         426 -0.222222224    
         427 -0.168888882    
         428 -0.192222223    
         429 -0.246666670    
         430 -0.225555554    
         431 -0.172222227    
         432 -0.203333333    
         433 -0.225555554    
         434 -0.176666662    
         435 -0.189999998    
         436 -0.209999993    
         437 -0.186666667    
         438 -0.181111112    
         439 -0.245555550    
         440 -0.232222229    
         441 -0.207777783    
         442 -0.203333333    
         443 -0.253333330    
         444 -0.211111113    
         445 -0.186666667    
         446 -0.184444442    
         447 -0.202222228    
         448 -0.208888888    
         449 -0.163333327    
         450 -0.186666667    
         451 -0.184444442    
         452 -0.224444449    
         453 -0.208888888    
         454 -0.207777783    
         455 -0.214444444    
         456 -0.197777778    
         457 -0.219999999    
         458 -0.218888894    
         459 -0.213333338    
         460 -0.198888883    
         461 -0.171111107    
         462 -0.253333330    
         463 -0.177777782    
         464 -0.204444438    
         465 -0.263333321    
         466 -0.223333329    
         467 -0.231111109    
         468 -0.222222224    
         469 -0.239999995    
         470 -0.197777778    
         471 -0.185555562    
         472 -0.206666663    
         473 -0.248888895    
         474 -0.214444444    
         475 -0.205555558    
         476 -0.204444438    
         477 -0.196666673    
         478 -0.155555561    
         479 -0.181111112    
         480 -0.194444448    
         481 -0.204444438    
         482 -0.228888884    
         483 -0.185555562    
         484 -0.184444442    
         485 -0.258888900    
         486 -0.223333329    
         487 -0.174444437    
         488 -0.227777779    
         489 -0.211111113    
         490 -0.186666667    
         491 -0.191111118    
         492 -0.207777783    
         493 -0.157777771    
         494 -0.200000003    
         495 -0.180000007    
         496 -0.188888893    
         497 -0.167777777    
         498 -0.187777773    
         499 -0.193333328    
         500 -0.192222223    
         501 -0.178888887    
         502 -0.185555562    
         503 -0.214444444    
         504 -0.212222219    
         505 -0.231111109    
         506 -0.214444444    
         507 -0.213333338    
         508 -0.201111108    
         509 -0.212222219    
         510 -0.185555562    
         511 -0.182222217    
         512 -0.158888891    
         513 -0.167777777    
         514 -0.178888887    
         515 -0.187777773    
         516 -0.232222229    
         517 -0.180000007    
         518 -0.165555552    
         519 -0.201111108    
         520 -0.231111109    
         521 -0.271111101    
         522 -0.211111113    
         523 -0.217777774    
         524 -0.180000007    
         525 -0.204444438    
         526 -0.201111108    
         527 -0.191111118    
         528 -0.185555562    
         529 -0.213333338    
         530 -0.236666664    
         531 -0.197777778    
         532 -0.193333328    
         533 -0.226666674    
         534 -0.209999993    
         535 -0.258888900    
         536 -0.202222228    
         537 -0.213333338    
         538 -0.180000007    
         539 -0.181111112    
         540 -0.195555553    
         541 -0.253333330    
         542 -0.193333328    
         543 -0.189999998    
         544 -0.191111118    
         545 -0.218888894    
         546 -0.255555570    
         547 -0.234444439    
         548 -0.176666662    
         549 -0.254444450    
         550 -0.226666674    
         551 -0.193333328    
         552 -0.184444442    
         553 -0.200000003    
         554 -0.212222219    
         555 -0.205555558    
         556 -0.181111112    
         557 -0.197777778    
         558 -0.180000007    
         559 -0.253333330    
         560 -0.264444441    
         561 -0.176666662    
         562 -0.182222217    
         563 -0.219999999    
         564 -0.214444444    
         565 -0.196666673    
         566 -0.204444438    
         567 -0.201111108    
         568 -0.219999999    
         569 -0.208888888    
         570 -0.196666673    
         571 -0.192222223    
         572 -0.142222226    
         573 -0.226666674    
         574 -0.136666670    
         575 -0.176666662    
         576 -0.221111104    
         577 -0.186666667    
         578 -0.184444442    
         579 -0.192222223    
         580 -0.175555557    
         581 -0.189999998    
         582 -0.237777784    
         583 -0.226666674    
         584 -0.172222227    
         585 -0.224444449    
         586 -0.207777783    
         587 -0.230000004    
         588 -0.205555558    
         589 -0.231111109    
         590 -0.197777778    
         591 -0.215555549    
         592 -0.209999993    
         593 -0.221111104    
         594 -0.222222224    
         595 -0.214444444    
         596 -0.228888884    
         597 -0.185555562    
         598 -0.204444438    
         599 -0.215555549    
         600 -0.194444448    
         601 -0.208888888    
         602 -0.208888888    
         603 -0.208888888    
         604 -0.205555558    
         605 -0.246666670    
         606 -0.201111108    
         607 -0.175555557    
         608 -0.183333337    
         609 -0.172222227    
         610 -0.196666673    
         611 -0.206666663    
         612 -0.212222219    
         613 -0.162222221    
         614 -0.191111118    
         615 -0.234444439    
         616 -0.214444444    
         617 -0.196666673    
         618 -0.223333329    
         619 -0.191111118    
         620 -0.191111118    
         621 -0.188888893    
         622 -0.217777774    
         623 -0.192222223    
         624 -0.154444441    
         625 -0.187777773    
         626 -0.153333336    
         627 -0.198888883    
         628 -0.221111104    
         629 -0.203333333    
         630 -0.242222220    
         631 -0.226666674    
         632 -0.158888891    
         633 -0.237777784    
         634 -0.217777774    
         635 -0.198888883    
         636 -0.197777778    
         637 -0.195555553    
         638 -0.198888883    
         639 -0.157777771    
         640 -0.197777778    
         641 -0.195555553    
         642 -0.193333328    
         643 -0.215555549    
         644 -0.207777783    
         645 -0.188888893    
         646 -0.184444442    
         647 -0.251111120    
         648 -0.235555559    
         649 -0.188888893    
         650 -0.233333334    
         651 -0.192222223    
         652 -0.218888894    
         653 -0.198888883    
         654 -0.151111111    
         655 -0.151111111    
         656 -0.219999999    
         657 -0.217777774    
         658 -0.221111104    
         659 -0.216666669    
         660 -0.212222219    
         661 -0.201111108    
         662 -0.191111118    
         663 -0.204444438    
         664 -0.200000003    
         665 -0.217777774    
         666 -0.172222227    
         667 -0.218888894    
         668 -0.209999993    
         669 -0.207777783    
         670 -0.193333328    
         671 -0.203333333    
         672 -0.177777782    
         673 -0.208888888    
         674 -0.206666663    
         675 -0.193333328    
         676 -0.212222219    
         677 -0.177777782    
         678 -0.195555553    
         679 -0.209999993    
         680 -0.203333333    
         681 -0.181111112    
         682 -0.215555549    
         683 -0.206666663    
         684 -0.183333337    
         685 -0.209999993    
         686 -0.256666660    
         687 -0.231111109    
         688 -0.187777773    
         689 -0.207777783    
         690 -0.196666673    
         691 -0.146666661    
         692 -0.193333328    
         693 -0.223333329    
         694 -0.194444448    
         695 -0.204444438    
         696 -0.192222223    
         697 -0.173333332    
         698 -0.228888884    
         699 -0.231111109    
         700 -0.159999996    
         701 -0.154444441    
         702 -0.158888891    
         703 -0.223333329    
         704 -0.198888883    
         705 -0.214444444    
         706 -0.213333338    
         707 -0.208888888    
         708 -0.203333333    
         709 -0.208888888    
         710 -0.184444442    
         711 -0.225555554    
         712 -0.204444438    
         713 -0.191111118    
         714 -0.183333337    
         715 -0.180000007    
         716 -0.183333337    
         717 -0.181111112    
         718 -0.224444449    
         719 -0.227777779    
         720 -0.218888894    
         721 -0.217777774    
         722 -0.225555554    
         723 -0.205555558    
         724 -0.226666674    
         725 -0.194444448    
         726 -0.200000003    
         727 -0.196666673    
         728 -0.183333337    
         729 -0.227777779    
         730 -0.239999995    
         731 -0.184444442    
         732 -0.197777778    
         733 -0.209999993    
         734 -0.197777778    
         735 -0.217777774    
         736 -0.208888888    
         737 -0.192222223    
         738 -0.158888891    
         739 -0.214444444    
         740 -0.197777778    
         741 -0.172222227    
         742 -0.174444437    
         743 -0.189999998    
         744 -0.215555549    
         745 -0.258888900    
         746 -0.242222220    
         747 -0.185555562    
         748 -0.176666662    
         749 -0.176666662    
         750 -0.203333333    
         751 -0.196666673    
         752 -0.204444438    
         753 -0.232222229    
         754 -0.216666669    
         755 -0.205555558    
         756 -0.182222217    
         757 -0.216666669    
         758 -0.221111104    
         759 -0.267777771    
         760 -0.216666669    
         761 -0.234444439    
         762 -0.265555561    
         763 -0.191111118    
         764 -0.178888887    
         765 -0.177777782    
         766 -0.184444442    
         767 -0.192222223    
         768 -0.208888888    
         769 -0.224444449    
         770 -0.243333340    
         771 -0.223333329    
         772 -0.245555550    
         773 -0.181111112    
         774 -0.228888884    
         775 -0.176666662    
         776 -0.208888888    
         777 -0.189999998    
         778 -0.241111115    
         779 -0.214444444    
         780 -0.192222223    
         781 -0.211111113    
         782 -0.182222217    
         783 -0.207777783    
         784 -0.213333338    
         785 -0.201111108    
         786 -0.197777778    
         787 -0.214444444    
         788 -0.235555559    
         789 -0.218888894    
         790 -0.174444437    
         791 -0.187777773    
         792 -0.252222210    
         793 -0.207777783    
         794 -0.178888887    
         795 -0.188888893    
         796 -0.226666674    
         797 -0.243333340    
         798 -0.204444438    
         799 -0.222222224    
         800 -0.196666673    
         801 -0.187777773    
         802 -0.215555549    
         803 -0.273333341    
         804 -0.207777783    
         805 -0.238888890    
         806 -0.167777777    
         807 -0.217777774    
         808 -0.242222220    
         809 -0.213333338    
         810 -0.224444449    
         811 -0.222222224    
         812 -0.167777777    
         813 -0.192222223    
         814 -0.184444442    
         815 -0.197777778    
         816 -0.156666666    
         817 -0.232222229    
         818 -0.218888894    
         819 -0.201111108    
         820 -0.198888883    
         821 -0.182222217    
         822 -0.206666663    
         823 -0.181111112    
         824 -0.205555558    
         825 -0.189999998    
         826 -0.192222223    
         827 -0.195555553    
         828 -0.239999995    
         829 -0.159999996    
         830 -0.146666661    
         831 -0.201111108    
         832 -0.250000000    
         833 -0.231111109    
         834 -0.217777774    
         835 -0.205555558    
         836 -0.206666663    
         837 -0.216666669    
         838 -0.181111112    
         839 -0.188888893    
         840 -0.208888888    
         841 -0.198888883    
         842 -0.209999993    
         843 -0.191111118    
         844 -0.203333333    
         845 -0.202222228    
         846 -0.227777779    
         847 -0.194444448    
         848 -0.196666673    
         849 -0.221111104    
         850 -0.217777774    
         851 -0.231111109    
         852 -0.205555558    
         853 -0.194444448    
         854 -0.181111112    
         855 -0.157777771    
         856 -0.182222217    
         857 -0.176666662    
         858 -0.195555553    
         859 -0.239999995    
         860 -0.195555553    
         861 -0.189999998    
         862 -0.237777784    
         863 -0.204444438    
         864 -0.239999995    
         865 -0.202222228    
         866 -0.228888884    
         867 -0.176666662    
         868 -0.182222217    
         869 -0.222222224    
         870 -0.194444448    
         871 -0.207777783    
         872 -0.150000006    
         873 -0.187777773    
         874 -0.201111108    
         875 -0.251111120    
         876 -0.215555549    
         877 -0.186666667    
         878 -0.214444444    
         879 -0.203333333    
         880 -0.167777777    
         881 -0.135555550    
         882 -0.195555553    
         883 -0.219999999    
         884 -0.207777783    
         885 -0.201111108    
         886 -0.226666674    
         887 -0.159999996    
         888 -0.187777773    
         889 -0.217777774    
         890 -0.215555549    
         891 -0.216666669    
         892 -0.217777774    
         893 -0.222222224    
         894 -0.224444449    
         895 -0.188888893    
         896 -0.195555553    
         897 -0.211111113    
         898 -0.182222217    
         899 -0.167777777    
         900 -0.176666662    
         901 -0.174444437    
         902 -0.196666673    
         903 -0.187777773    
         904 -0.245555550    
         905 -0.211111113    
         906 -0.232222229    
         907 -0.201111108    
         908 -0.174444437    
         909 -0.155555561    
         910 -0.178888887    
         911 -0.211111113    
         912 -0.235555559    
         913 -0.208888888    
         914 -0.191111118    
         915 -0.156666666    
         916 -0.200000003    
         917 -0.194444448    
         918 -0.237777784    
         919 -0.215555549    
         920 -0.212222219    
         921 -0.184444442    
         922 -0.194444448    
         923 -0.182222217    
         924 -0.175555557    
         925 -0.182222217    
         926 -0.195555553    
         927 -0.206666663    
         928 -0.208888888    
         929 -0.206666663    
         930 -0.230000004    
         931 -0.192222223    
         932 -0.205555558    
         933 -0.202222228    
         934 -0.212222219    
         935 -0.191111118    
         936 -0.171111107    
         937 -0.185555562    
         938 -0.181111112    
         939 -0.200000003    
         940 -0.212222219    
         941 -0.173333332    
         942 -0.221111104    
         943 -0.196666673    
         944 -0.191111118    
         945 -0.189999998    
         946 -0.183333337    
         947 -0.197777778    
         948 -0.196666673    
         949 -0.243333340    
         950 -0.216666669    
         951 -0.215555549    
         952 -0.205555558    
         953 -0.206666663    
         954 -0.193333328    
         955 -0.202222228    
         956 -0.205555558    
         957 -0.239999995    
         958 -0.211111113    
         959 -0.132222220    
         960 -0.213333338    
         961 -0.191111118    
         962 -0.198888883    
         963 -0.195555553    
         964 -0.162222221    
         965 -0.178888887    
         966 -0.200000003    
         967 -0.196666673    
         968 -0.193333328    
         969 -0.208888888    
         970 -0.165555552    
         971 -0.191111118    
         972 -0.213333338    
         973 -0.222222224    
         974 -0.322222233    
         975 -0.245555550    
         976 -0.188888893    
         977 -0.186666667    
         978 -0.197777778    
         979 -0.236666664    
         980 -0.217777774    
         981 -0.212222219    
         982 -0.209999993    
         983 -0.223333329    
         984 -0.224444449    
         985 -0.228888884    
         986 -0.195555553    
         987 -0.207777783    
         988 -0.242222220    
         989 -0.218888894    
         990 -0.175555557    
         991 -0.203333333    
         992 -0.195555553    
         993 -0.227777779    
         994 -0.255555570    
         995 -0.233333334    
         996 -0.181111112    
         997 -0.221111104    
         998 -0.236666664    
         999 -0.226666674    
        1000 -0.232222229    
        1001 -0.174444437    
        1002 -0.215555549    
        1003 -0.209999993    
        1004 -0.204444438    
        1005 -0.188888893    
        1006 -0.183333337    
        1007 -0.226666674    
        1008 -0.231111109    
        1009 -0.177777782    
        1010 -0.211111113    
        1011 -0.218888894    
        1012 -0.212222219    
        1013 -0.195555553    
        1014 -0.215555549    
        1015 -0.214444444    
        1016 -0.235555559    
        1017 -0.230000004    
        1018 -0.175555557    
        1019 -0.167777777    
        1020 -0.191111118    
        1021 -0.174444437    
        1022 -0.202222228    
        1023 -0.232222229    
        1024 -0.214444444    
        1025 -0.154444441    
        1026 -0.167777777    
        1027 -0.150000006    
        1028 -0.208888888    
        1029 -0.230000004    
        1030 -0.215555549    
        1031 -0.236666664    
        1032 -0.188888893    
        1033 -0.233333334    
        1034 -0.206666663    
        1035 -0.177777782    
        1036 -0.233333334    
        1037 -0.236666664    
        1038 -0.242222220    
        1039 -0.188888893    
        1040 -0.221111104    
        1041 -0.194444448    
        1042 -0.206666663    
        1043 -0.221111104    
        1044 -0.184444442    
        1045 -0.146666661    
        1046 -0.201111108    
        1047 -0.212222219    
        1048 -0.252222210    
        1049 -0.225555554    
        1050 -0.209999993    
        1051 -0.205555558    
        1052 -0.214444444    
        1053 -0.233333334    
        1054 -0.224444449    
        1055 -0.216666669    
        1056 -0.209999993    
        1057 -0.167777777    
        1058 -0.172222227    
        1059 -0.214444444    
        1060 -0.201111108    
        1061 -0.158888891    
        1062 -0.182222217    
        1063 -0.209999993    
        1064 -0.181111112    
        1065 -0.228888884    
        1066 -0.188888893    
        1067 -0.193333328    
        1068 -0.191111118    
        1069 -0.189999998    
        1070 -0.201111108    
        1071 -0.198888883    
        1072 -0.162222221    
        1073 -0.165555552    
        1074 -0.198888883    
        1075 -0.209999993    
        1076 -0.183333337    
        1077 -0.171111107    
        1078 -0.195555553    
        1079 -0.203333333    
        1080 -0.204444438    
        1081 -0.230000004    
        1082 -0.205555558    
        1083 -0.201111108    
        1084 -0.208888888    
        1085 -0.232222229    
        1086 -0.170000002    
        1087 -0.168888882    
        1088 -0.192222223    
        1089 -0.239999995    
        1090 -0.183333337    
        1091 -0.187777773    
        1092 -0.188888893    
        1093 -0.191111118    
        1094 -0.224444449    
        1095 -0.242222220    
        1096 -0.206666663    
        1097 -0.165555552    
        1098 -0.163333327    
        1099 -0.241111115    
        1100 -0.185555562    
        1101 -0.156666666    
        1102 -0.228888884    
        1103 -0.196666673    
        1104 -0.162222221    
        1105 -0.193333328    
        1106 -0.157777771    
        1107 -0.141111106    
        1108 -0.205555558    
        1109 -0.221111104    
        1110 -0.197777778    
        1111 -0.221111104    
        1112 -0.186666667    
        1113 -0.246666670    
        1114 -0.228888884    
        1115 -0.174444437    
        1116 -0.143333331    
        1117 -0.202222228    
        1118 -0.221111104    
        1119 -0.207777783    
        1120 -0.208888888    
        1121 -0.217777774    
        1122 -0.212222219    
        1123 -0.203333333    
        1124 -0.151111111    
        1125 -0.202222228    
        1126 -0.201111108    
        1127 -0.177777782    
        1128 -0.198888883    
        1129 -0.182222217    
        1130 -0.197777778    
        1131 -0.174444437    
        1132 -0.191111118    
        1133 -0.153333336    
        1134 -0.193333328    
        1135 -0.214444444    
        1136 -0.222222224    
        1137 -0.202222228    
        1138 -0.185555562    
        1139 -0.227777779    
        1140 -0.213333338    
        1141 -0.231111109    
        1142 -0.178888887    
        1143 -0.203333333    
        1144 -0.195555553    
        1145 -0.216666669    
        1146 -0.246666670    
        1147 -0.167777777    
        1148 -0.237777784    
        1149 -0.197777778    
        1150 -0.162222221    
        1151 -0.196666673    
        1152 -0.213333338    
        1153 -0.193333328    
        1154 -0.211111113    
        1155 -0.212222219    
        1156 -0.197777778    
        1157 -0.192222223    
        1158 -0.227777779    
        1159 -0.209999993    
        1160 -0.195555553    
        1161 -0.146666661    
        1162 -0.204444438    
        1163 -0.187777773    
        1164 -0.227777779    
        1165 -0.225555554    
        1166 -0.215555549    
        1167 -0.251111120    
        1168 -0.211111113    
        1169 -0.209999993    
        1170 -0.181111112    
        1171 -0.222222224    
        1172 -0.178888887    
        1173 -0.208888888    
        1174 -0.231111109    
        1175 -0.180000007    
        1176 -0.227777779    
        1177 -0.188888893    
        1178 -0.152222216    
        1179 -0.192222223    
        1180 -0.141111106    
        1181 -0.187777773    
        1182 -0.227777779    
        1183 -0.232222229    
        1184 -0.217777774    
        1185 -0.208888888    
        1186 -0.201111108    
        1187 -0.167777777    
        1188 -0.205555558    
        1189 -0.243333340    
        1190 -0.138888896    
        1191 -0.181111112    
        1192 -0.216666669    
        1193 -0.226666674    
        1194 -0.203333333    
        1195 -0.191111118    
        1196 -0.196666673    
        1197 -0.235555559    
        1198 -0.194444448    
        1199 -0.200000003    
        1200 -0.215555549    
        1201 -0.235555559    
        1202 -0.170000002    
        1203 -0.196666673    
        1204 -0.242222220    
        1205 -0.203333333    
        1206 -0.211111113    
        1207 -0.231111109    
        1208 -0.226666674    
        1209 -0.226666674    
        1210 -0.175555557    
        1211 -0.206666663    
        1212 -0.222222224    
        1213 -0.180000007    
        1214 -0.218888894    
        1215 -0.227777779    
        1216 -0.241111115    
        1217 -0.224444449    
        1218 -0.216666669    
        1219 -0.201111108    
        1220 -0.171111107    
        1221 -0.157777771    
        1222 -0.195555553    
        1223 -0.218888894    
        1224 -0.170000002    
        1225 -0.204444438    
        1226 -0.246666670    
        1227 -0.173333332    
        1228 -0.166666672    
        1229 -0.187777773    
        1230 -0.156666666    
        1231 -0.185555562    
        1232 -0.185555562    
        1233 -0.200000003    
        1234 -0.207777783    
        1235 -0.202222228    
        1236 -0.206666663    
        1237 -0.202222228    
        1238 -0.168888882    
        1239 -0.221111104    
        1240 -0.204444438    
        1241 -0.194444448    
        1242 -0.218888894    
        1243 -0.195555553    
        1244 -0.225555554    
        1245 -0.222222224    
        1246 -0.222222224    
        1247 -0.187777773    
        1248 -0.187777773    
        1249 -0.232222229    
        1250 -0.171111107    
        1251 -0.170000002    
        1252 -0.203333333    
        1253 -0.189999998    
        1254 -0.217777774    
        1255 -0.166666672    
        1256 -0.232222229    
        1257 -0.178888887    
        1258 -0.166666672    
        1259 -0.207777783    
        1260 -0.213333338    
        1261 -0.198888883    
        1262 -0.186666667    
        1263 -0.202222228    
        1264 -0.237777784    
        1265 -0.182222217    
        1266 -0.243333340    
        1267 -0.226666674    
        1268 -0.175555557    
        1269 -0.193333328    
        1270 -0.198888883    
        1271 -0.191111118    
        1272 -0.222222224    
        1273 -0.184444442    
        1274 -0.209999993    
        1275 -0.198888883    
        1276 -0.145555556    
        1277 -0.170000002    
        1278 -0.214444444    
        1279 -0.222222224    
        1280 -0.216666669    
        1281 -0.183333337    
        1282 -0.197777778    
        1283 -0.198888883    
        1284 -0.228888884    
        1285 -0.168888882    
        1286 -0.219999999    
        1287 -0.251111120    
        1288 -0.212222219    
        1289 -0.224444449    
        1290 -0.185555562    
        1291 -0.215555549    
        1292 -0.148888886    
        1293 -0.183333337    
        1294 -0.233333334    
        1295 -0.205555558    
        1296 -0.203333333    
        1297 -0.170000002    
        1298 -0.176666662    
        1299 -0.183333337    
        1300 -0.146666661    
        1301 -0.188888893    
        1302 -0.173333332    
        1303 -0.217777774    
        1304 -0.205555558    
        1305 -0.180000007    
        1306 -0.192222223    
        1307 -0.195555553    
        1308 -0.218888894    
        1309 -0.214444444    
        1310 -0.181111112    
        1311 -0.252222210    
        1312 -0.192222223    
        1313 -0.177777782    
        1314 -0.224444449    
        1315 -0.198888883    
        1316 -0.186666667    
        1317 -0.195555553    
        1318 -0.205555558    
        1319 -0.222222224    
        1320 -0.188888893    
        1321 -0.205555558    
        1322 -0.226666674    
        1323 -0.194444448    
        1324 -0.224444449    
        1325 -0.181111112    
        1326 -0.177777782    
        1327 -0.207777783    
        1328 -0.194444448    
        1329 -0.203333333    
        1330 -0.209999993    
        1331 -0.205555558    
        1332 -0.226666674    
        1333 -0.206666663    
        1334 -0.219999999    
        1335 -0.198888883    
        1336 -0.213333338    
        1337 -0.187777773    
        1338 -0.197777778    
        1339 -0.161111116    
        1340 -0.218888894    
        1341 -0.226666674    
        1342 -0.203333333    
        1343 -0.213333338    
        1344 -0.177777782    
        1345 -0.176666662    
        1346 -0.207777783    
        1347 -0.221111104    
        1348 -0.187777773    
        1349 -0.236666664    
        1350 -0.233333334    
        1351 -0.238888890    
        1352 -0.238888890    
        1353 -0.184444442    
        1354 -0.191111118    
        1355 -0.189999998    
        1356 -0.256666660    
        1357 -0.187777773    
        1358 -0.176666662    
        1359 -0.209999993    
        1360 -0.242222220    
        1361 -0.192222223    
        1362 -0.221111104    
        1363 -0.201111108    
        1364 -0.161111116    
        1365 -0.171111107    
        1366 -0.208888888    
        1367 -0.217777774    
        1368 -0.186666667    
        1369 -0.205555558    
        1370 -0.204444438    
        1371 -0.200000003    
        1372 -0.191111118    
        1373 -0.176666662    
        1374 -0.158888891    
        1375 -0.209999993    
        1376 -0.165555552    
        1377 -0.236666664    
        1378 -0.218888894    
        1379 -0.187777773    
        1380 -0.234444439    
        1381 -0.232222229    
        1382 -0.215555549    
        1383 -0.198888883    
        1384 -0.188888893    
        1385 -0.213333338    
        1386 -0.213333338    
        1387 -0.211111113    
        1388 -0.154444441    
        1389 -0.207777783    
        1390 -0.227777779    
        1391 -0.224444449    
        1392 -0.215555549    
        1393 -0.211111113    
        1394 -0.196666673    
        1395 -0.224444449    
        1396 -0.227777779    
        1397 -0.202222228    
        1398 -0.163333327    
        1399 -0.170000002    
        1400 -0.194444448    
        1401 -0.219999999    
        1402 -0.192222223    
        1403 -0.207777783    
        1404 -0.235555559    
        1405 -0.184444442    
        1406 -0.184444442    
        1407 -0.185555562    
        1408 -0.221111104    
        1409 -0.164444447    
        1410 -0.164444447    
        1411 -0.211111113    
        1412 -0.183333337    
        1413 -0.200000003    
        1414 -0.223333329    
        1415 -0.186666667    
        1416 -0.223333329    
        1417 -0.234444439    
        1418 -0.232222229    
        1419 -0.207777783    
        1420 -0.177777782    
        1421 -0.188888893    
        1422 -0.217777774    
        1423 -0.189999998    
        1424 -0.213333338    
        1425 -0.195555553    
        1426 -0.208888888    
        1427 -0.164444447    
        1428 -0.222222224    
        1429 -0.231111109    
        1430 -0.201111108    
        1431 -0.214444444    
        1432 -0.195555553    
        1433 -0.208888888    
        1434 -0.186666667    
        1435 -0.205555558    
        1436 -0.205555558    
        1437 -0.204444438    
        1438 -0.191111118    
        1439 -0.181111112    
        1440 -0.168888882    
        1441 -0.177777782    
        1442 -0.206666663    
        1443 -0.183333337    
        1444 -0.164444447    
        1445 -0.212222219    
        1446 -0.201111108    
        1447 -0.195555553    
        1448 -0.237777784    
        1449 -0.231111109    
        1450 -0.174444437    
        1451 -0.197777778    
        1452 -0.177777782    
        1453 -0.198888883    
        1454 -0.201111108    
        1455 -0.216666669    
        1456 -0.224444449    
        1457 -0.216666669    
        1458 -0.255555570    
        1459 -0.194444448    
        1460 -0.217777774    
        1461 -0.204444438    
        1462 -0.187777773    
        1463 -0.203333333    
        1464 -0.176666662    
        1465 -0.213333338    
        1466 -0.230000004    
        1467 -0.208888888    
        1468 -0.186666667    
        1469 -0.241111115    
        1470 -0.148888886    
        1471 -0.214444444    
        1472 -0.209999993    
        1473 -0.197777778    
        1474 -0.206666663    
        1475 -0.226666674    
        1476 -0.230000004    
        1477 -0.252222210    
        1478 -0.213333338    
        1479 -0.213333338    
        1480 -0.231111109    
        1481 -0.200000003    
        1482 -0.205555558    
        1483 -0.209999993    
        1484 -0.166666672    
        1485 -0.180000007    
        1486 -0.255555570    
        1487 -0.205555558    
        1488 -0.224444449    
        1489 -0.203333333    
        1490 -0.171111107    
        1491 -0.224444449    
        1492 -0.239999995    
        1493 -0.235555559    
        1494 -0.196666673    
        1495 -0.183333337    
        1496 -0.188888893    
        1497 -0.227777779    
        1498 -0.178888887    
        1499 -0.183333337    
        1500 -0.239999995    
        1501 -0.217777774    
        1502 -0.221111104    
        1503 -0.143333331    
        1504 -0.204444438    
        1505 -0.234444439    
        1506 -0.195555553    
        1507 -0.203333333    
        1508 -0.208888888    
        1509 -0.278888881    
        1510 -0.212222219    
        1511 -0.223333329    
        1512 -0.165555552    
        1513 -0.208888888    
        1514 -0.195555553    
        1515 -0.214444444    
        1516 -0.185555562    
        1517 -0.167777777    
        1518 -0.212222219    
        1519 -0.234444439    
        1520 -0.197777778    
        1521 -0.176666662    
        1522 -0.203333333    
        1523 -0.195555553    
        1524 -0.208888888    
        1525 -0.191111118    
        1526 -0.194444448    
        1527 -0.233333334    
        1528 -0.223333329    
        1529 -0.239999995    
        1530 -0.209999993    
        1531 -0.191111118    
        1532 -0.209999993    
        1533 -0.197777778    
        1534 -0.214444444    
        1535 -0.181111112    
        1536 -0.189999998    
        1537 -0.177777782    
        1538 -0.183333337    
        1539 -0.184444442    
        1540 -0.216666669    
        1541 -0.214444444    
        1542 -0.196666673    
        1543 -0.203333333    
        1544 -0.184444442    
        1545 -0.217777774    
        1546 -0.235555559    
        1547 -0.180000007    
        1548 -0.164444447    
        1549 -0.181111112    
        1550 -0.215555549    
        1551 -0.180000007    
        1552 -0.180000007    
        1553 -0.182222217    
        1554 -0.207777783    
        1555 -0.201111108    
        1556 -0.256666660    
        1557 -0.196666673    
        1558 -0.215555549    
        1559 -0.178888887    
        1560 -0.156666666    
        1561 -0.198888883    
        1562 -0.197777778    
        1563 -0.201111108    
        1564 -0.198888883    
        1565 -0.184444442    
        1566 -0.177777782    
        1567 -0.174444437    
        1568 -0.171111107    
        1569 -0.205555558    
        1570 -0.216666669    
        1571 -0.188888893    
        1572 -0.197777778    
        1573 -0.246666670    
        1574 -0.239999995    
        1575 -0.187777773    
        1576 -0.239999995    
        1577 -0.216666669    
        1578 -0.183333337    
        1579 -0.185555562    
        1580 -0.175555557    
        1581 -0.244444445    
        1582 -0.203333333    
        1583 -0.227777779    
        1584 -0.189999998    
        1585 -0.181111112    
        1586 -0.194444448    
        1587 -0.201111108    
        1588 -0.207777783    
        1589 -0.256666660    
        1590 -0.206666663    
        1591 -0.193333328    
        1592 -0.223333329    
        1593 -0.254444450    
        1594 -0.197777778    
        1595 -0.230000004    
        1596 -0.211111113    
        1597 -0.192222223    
        1598 -0.191111118    
        1599 -0.207777783    
        1600 -0.217777774    
        1601 -0.247777775    
        1602 -0.197777778    
        1603 -0.234444439    
        1604 -0.187777773    
        1605 -0.245555550    
        1606 -0.233333334    
        1607 -0.156666666    
        1608 -0.196666673    
        1609 -0.167777777    
        1610 -0.184444442    
        1611 -0.187777773    
        1612 -0.188888893    
        1613 -0.188888893    
        1614 -0.234444439    
        1615 -0.211111113    
        1616 -0.205555558    
        1617 -0.218888894    
        1618 -0.176666662    
        1619 -0.203333333    
        1620 -0.175555557    
        1621 -0.191111118    
        1622 -0.188888893    
        1623 -0.201111108    
        1624 -0.170000002    
        1625 -0.188888893    
        1626 -0.191111118    
        1627 -0.212222219    
        1628 -0.216666669    
        1629 -0.193333328    
        1630 -0.231111109    
        1631 -0.247777775    
        1632 -0.185555562    
        1633 -0.201111108    
        1634 -0.230000004    
        1635 -0.233333334    
        1636 -0.202222228    
        1637 -0.209999993    
        1638 -0.197777778    
        1639 -0.141111106    
        1640 -0.188888893    
        1641 -0.195555553    
        1642 -0.193333328    
        1643 -0.224444449    
        1644 -0.187777773    
        1645 -0.208888888    
        1646 -0.226666674    
        1647 -0.234444439    
        1648 -0.176666662    
        1649 -0.216666669    
        1650 -0.162222221    
        1651 -0.171111107    
        1652 -0.171111107    
        1653 -0.193333328    
        1654 -0.250000000    
        1655 -0.203333333    
        1656 -0.214444444    
        1657 -0.217777774    
        1658 -0.185555562    
        1659 -0.195555553    
        1660 -0.195555553    
        1661 -0.185555562    
        1662 -0.191111118    
        1663 -0.185555562    
        1664 -0.227777779    
        1665 -0.147777781    
        1666 -0.151111111    
        1667 -0.185555562    
        1668 -0.156666666    
        1669 -0.173333332    
        1670 -0.211111113    
        1671 -0.194444448    
        1672 -0.194444448    
        1673 -0.203333333    
        1674 -0.185555562    
        1675 -0.224444449    
        1676 -0.226666674    
        1677 -0.203333333    
        1678 -0.213333338    
        1679 -0.188888893    
        1680 -0.192222223    
        1681 -0.175555557    
        1682 -0.226666674    
        1683 -0.234444439    
        1684 -0.171111107    
        1685 -0.207777783    
        1686 -0.174444437    
        1687 -0.152222216    
        1688 -0.185555562    
        1689 -0.242222220    
        1690 -0.209999993    
        1691 -0.197777778    
        1692 -0.211111113    
        1693 -0.207777783    
        1694 -0.212222219    
        1695 -0.223333329    
        1696 -0.213333338    
        1697 -0.200000003    
        1698 -0.230000004    
        1699 -0.221111104    
        1700 -0.213333338    
        1701 -0.187777773    
        1702 -0.177777782    
        1703 -0.187777773    
        1704 -0.192222223    
        1705 -0.181111112    
        1706 -0.172222227    
        1707 -0.224444449    
        1708 -0.226666674    
        1709 -0.275555551    
        1710 -0.174444437    
        1711 -0.154444441    
        1712 -0.237777784    
        1713 -0.235555559    
        1714 -0.175555557    
        1715 -0.204444438    
        1716 -0.213333338    
        1717 -0.205555558    
        1718 -0.186666667    
        1719 -0.195555553    
        1720 -0.189999998    
        1721 -0.196666673    
        1722 -0.197777778    
        1723 -0.211111113    
        1724 -0.211111113    
        1725 -0.154444441    
        1726 -0.173333332    
        1727 -0.228888884    
        1728 -0.176666662    
        1729 -0.189999998    
        1730 -0.165555552    
        1731 -0.193333328    
        1732 -0.176666662    
        1733 -0.252222210    
        1734 -0.218888894    
        1735 -0.182222217    
        1736 -0.211111113    
        1737 -0.242222220    
        1738 -0.193333328    
        1739 -0.213333338    
        1740 -0.214444444    
        1741 -0.181111112    
        1742 -0.205555558    
        1743 -0.219999999    
        1744 -0.232222229    
        1745 -0.243333340    
        1746 -0.189999998    
        1747 -0.201111108    
        1748 -0.176666662    
        1749 -0.202222228    
        1750 -0.186666667    
        1751 -0.195555553    
        1752 -0.198888883    
        1753 -0.137777776    
        1754 -0.225555554    
        1755 -0.237777784    
        1756 -0.189999998    
        1757 -0.183333337    
        1758 -0.221111104    
        1759 -0.203333333    
        1760 -0.219999999    
        1761 -0.213333338    
        1762 -0.200000003    
        1763 -0.192222223    
        1764 -0.248888895    
        1765 -0.237777784    
        1766 -0.236666664    
        1767 -0.234444439    
        1768 -0.208888888    
        1769 -0.214444444    
        1770 -0.171111107    
        1771 -0.209999993    
        1772 -0.217777774    
        1773 -0.131111115    
        1774 -0.155555561    
        1775 -0.198888883    
        1776 -0.221111104    
        1777 -0.213333338    
        1778 -0.212222219    
        1779 -0.173333332    
        1780 -0.189999998    
        1781 -0.138888896    
        1782 -0.225555554    
        1783 -0.207777783    
        1784 -0.239999995    
        1785 -0.207777783    
        1786 -0.223333329    
        1787 -0.175555557    
        1788 -0.218888894    
        1789 -0.213333338    
        1790 -0.219999999    
        1791 -0.246666670    
        1792 -0.223333329    
        1793 -0.204444438    
        1794 -0.194444448    
        1795 -0.250000000    
        1796 -0.175555557    
        1797 -0.163333327    
        1798 -0.208888888    
        1799 -0.171111107    
        1800 -0.187777773    
        1801 -0.230000004    
        1802 -0.194444448    
        1803 -0.215555549    
        1804 -0.176666662    
        1805 -0.184444442    
        1806 -0.196666673    
        1807 -0.203333333    
        1808 -0.215555549    
        1809 -0.204444438    
        1810 -0.155555561    
        1811 -0.167777777    
        1812 -0.167777777    
        1813 -0.207777783    
        1814 -0.181111112    
        1815 -0.185555562    
        1816 -0.242222220    
        1817 -0.239999995    
        1818 -0.218888894    
        1819 -0.200000003    
        1820 -0.193333328    
        1821 -0.216666669    
        1822 -0.181111112    
        1823 -0.214444444    
        1824 -0.283333331    
        1825 -0.182222217    
        1826 -0.221111104    
        1827 -0.213333338    
        1828 -0.200000003    
        1829 -0.217777774    
        1830 -0.193333328    
        1831 -0.255555570    
        1832 -0.237777784    
        1833 -0.225555554    
        1834 -0.175555557    
        1835 -0.186666667    
        1836 -0.193333328    
        1837 -0.201111108    
        1838 -0.218888894    
        1839 -0.215555549    
        1840 -0.204444438    
        1841 -0.213333338    
        1842 -0.193333328    
        1843 -0.200000003    
        1844 -0.205555558    
        1845 -0.221111104    
        1846 -0.192222223    
        1847 -0.202222228    
        1848 -0.253333330    
        1849 -0.141111106    
        1850 -0.175555557    
        1851 -0.191111118    
        1852 -0.205555558    
        1853 -0.218888894    
        1854 -0.198888883    
        1855 -0.178888887    
        1856 -0.219999999    
        1857 -0.209999993    
        1858 -0.205555558    
        1859 -0.188888893    
        1860 -0.168888882    
        1861 -0.192222223    
        1862 -0.184444442    
        1863 -0.186666667    
        1864 -0.172222227    
        1865 -0.200000003    
        1866 -0.194444448    
        1867 -0.187777773    
        1868 -0.226666674    
        1869 -0.205555558    
        1870 -0.206666663    
        1871 -0.186666667    
        1872 -0.237777784    
        1873 -0.225555554    
        1874 -0.168888882    
        1875 -0.206666663    
        1876 -0.200000003    
        1877 -0.198888883    
        1878 -0.214444444    
        1879 -0.248888895    
        1880 -0.226666674    
        1881 -0.214444444    
        1882 -0.143333331    
        1883 -0.172222227    
        1884 -0.236666664    
        1885 -0.208888888    
        1886 -0.197777778    
        1887 -0.236666664    
        1888 -0.222222224    
        1889 -0.219999999    
        1890 -0.237777784    
        1891 -0.183333337    
        1892 -0.189999998    
        1893 -0.211111113    
        1894 -0.201111108    
        1895 -0.200000003    
        1896 -0.214444444    
        1897 -0.212222219    
        1898 -0.185555562    
        1899 -0.215555549    
        1900 -0.166666672    
        1901 -0.214444444    
        1902 -0.219999999    
        1903 -0.197777778    
        1904 -0.242222220    
        1905 -0.234444439    
        1906 -0.195555553    
        1907 -0.226666674    
        1908 -0.247777775    
        1909 -0.211111113    
        1910 -0.248888895    
        1911 -0.181111112    
        1912 -0.209999993    
        1913 -0.195555553    
        1914 -0.173333332    
        1915 -0.197777778    
        1916 -0.196666673    
        1917 -0.168888882    
        1918 -0.203333333    
        1919 -0.168888882    
        1920 -0.235555559    
        1921 -0.184444442    
        1922 -0.192222223    
        1923 -0.202222228    
        1924 -0.235555559    
        1925 -0.207777783    
        1926 -0.227777779    
        1927 -0.205555558    
        1928 -0.197777778    
        1929 -0.206666663    
        1930 -0.231111109    
        1931 -0.197777778    
        1932 -0.268888891    
        1933 -0.213333338    
        1934 -0.197777778    
        1935 -0.180000007    
        1936 -0.176666662    
        1937 -0.196666673    
        1938 -0.188888893    
        1939 -0.198888883    
        1940 -0.223333329    
        1941 -0.193333328    
        1942 -0.206666663    
        1943 -0.181111112    
        1944 -0.176666662    
        1945 -0.201111108    
        1946 -0.192222223    
        1947 -0.206666663    
        1948 -0.184444442    
        1949 -0.257777780    
        1950 -0.261111110    
        1951 -0.197777778    
        1952 -0.177777782    
        1953 -0.247777775    
        1954 -0.171111107    
        1955 -0.162222221    
        1956 -0.178888887    
        1957 -0.173333332    
        1958 -0.209999993    
        1959 -0.204444438    
        1960 -0.192222223    
        1961 -0.191111118    
        1962 -0.213333338    
        1963 -0.211111113    
        1964 -0.198888883    
        1965 -0.201111108    
        1966 -0.285555542    
        1967 -0.261111110    
        1968 -0.228888884    
        1969 -0.203333333    
        1970 -0.212222219    
        1971 -0.197777778    
        1972 -0.222222224    
        1973 -0.207777783    
        1974 -0.262222230    
        1975 -0.161111116    
        1976 -0.175555557    
        1977 -0.213333338    
        1978 -0.214444444    
        1979 -0.200000003    
        1980 -0.145555556    
        1981 -0.226666674    
        1982 -0.215555549    
        1983 -0.234444439    
        1984 -0.224444449    
        1985 -0.256666660    
        1986 -0.216666669    
        1987 -0.175555557    
        1988 -0.188888893    
        1989 -0.191111118    
        1990 -0.193333328    
        1991 -0.207777783    
        1992 -0.192222223    
        1993 -0.188888893    
        1994 -0.213333338    
        1995 -0.181111112    
        1996 -0.201111108    
        1997 -0.157777771    
        1998 -0.209999993    
        1999 -0.176666662    
        2000 -0.191111118    
        2001 -0.153333336    
        2002 -0.173333332    
        2003 -0.198888883    
        2004 -0.214444444    
        2005 -0.217777774    
        2006 -0.154444441    
        2007 -0.172222227    
        2008 -0.213333338    
        2009 -0.193333328    
        2010 -0.188888893    
        2011 -0.224444449    
        2012 -0.181111112    
        2013 -0.213333338    
        2014 -0.222222224    
        2015 -0.189999998    
        2016 -0.222222224    
        2017 -0.191111118    
        2018 -0.231111109    
        2019 -0.207777783    
        2020 -0.250000000    
        2021 -0.203333333    
        2022 -0.173333332    
        2023 -0.213333338    
        2024 -0.152222216    
        2025 -0.155555561    
        2026 -0.207777783    
        2027 -0.189999998    
        2028 -0.227777779    
        2029 -0.218888894    
        2030 -0.217777774    
        2031 -0.237777784    
        2032 -0.177777782    
        2033 -0.223333329    
        2034 -0.219999999    
        2035 -0.165555552    
        2036 -0.225555554    
        2037 -0.217777774    
        2038 -0.211111113    
        2039 -0.191111118    
        2040 -0.192222223    
        2041 -0.216666669    
        2042 -0.188888893    
        2043 -0.176666662    
        2044 -0.170000002    
        2045 -0.213333338    
        2046 -0.256666660    
        2047 -0.241111115    
        2048 -0.237777784    
        2049 -0.194444448    
        2050 -0.168888882    
        2051 -0.189999998    
        2052 -0.213333338    
        2053 -0.186666667    
        2054 -0.185555562    
        2055 -0.243333340    
        2056 -0.184444442    
        2057 -0.218888894    
        2058 -0.216666669    
        2059 -0.202222228    
        2060 -0.202222228    
        2061 -0.261111110    
        2062 -0.207777783    
        2063 -0.214444444    
        2064 -0.215555549    
        2065 -0.218888894    
        2066 -0.216666669    
        2067 -0.188888893    
        2068 -0.205555558    
        2069 -0.197777778    
        2070 -0.206666663    
        2071 -0.225555554    
        2072 -0.167777777    
        2073 -0.171111107    
        2074 -0.207777783    
        2075 -0.148888886    
        2076 -0.208888888    
        2077 -0.186666667    
        2078 -0.180000007    
        2079 -0.203333333    
        2080 -0.215555549    
        2081 -0.192222223    
        2082 -0.172222227    
        2083 -0.211111113    
        2084 -0.173333332    
        2085 -0.177777782    
        2086 -0.198888883    
        2087 -0.202222228    
        2088 -0.251111120    
        2089 -0.163333327    
        2090 -0.166666672    
        2091 -0.176666662    
        2092 -0.168888882    
        2093 -0.180000007    
        2094 -0.187777773    
        2095 -0.209999993    
        2096 -0.230000004    
        2097 -0.213333338    
        2098 -0.186666667    
        2099 -0.200000003    
        2100 -0.198888883    
        2101 -0.245555550    
        2102 -0.200000003    
        2103 -0.207777783    
        2104 -0.234444439    
        2105 -0.195555553    
        2106 -0.219999999    
        2107 -0.187777773    
        2108 -0.198888883    
        2109 -0.174444437    
        2110 -0.225555554    
        2111 -0.219999999    
        2112 -0.192222223    
        2113 -0.185555562    
        2114 -0.197777778    
        2115 -0.192222223    
        2116 -0.203333333    
        2117 -0.212222219    
        2118 -0.208888888    
        2119 -0.236666664    
        2120 -0.216666669    
        2121 -0.180000007    
        2122 -0.170000002    
        2123 -0.177777782    
        2124 -0.201111108    
        2125 -0.167777777    
        2126 -0.159999996    
        2127 -0.194444448    
        2128 -0.247777775    
        2129 -0.194444448    
        2130 -0.178888887    
        2131 -0.225555554    
        2132 -0.201111108    
        2133 -0.267777771    
        2134 -0.246666670    
        2135 -0.237777784    
        2136 -0.189999998    
        2137 -0.221111104    
        2138 -0.154444441    
        2139 -0.207777783    
        2140 -0.191111118    
        2141 -0.189999998    
        2142 -0.186666667    
        2143 -0.203333333    
        2144 -0.185555562    
        2145 -0.162222221    
        2146 -0.193333328    
        2147 -0.208888888    
        2148 -0.178888887    
        2149 -0.158888891    
        2150 -0.156666666    
        2151 -0.183333337    
        2152 -0.218888894    
        2153 -0.216666669    
        2154 -0.200000003    
        2155 -0.214444444    
        2156 -0.226666674    
        2157 -0.213333338    
        2158 -0.232222229    
        2159 -0.202222228    
        2160 -0.196666673    
        2161 -0.236666664    
        2162 -0.207777783    
        2163 -0.213333338    
        2164 -0.187777773    
        2165 -0.205555558    
        2166 -0.182222217    
        2167 -0.208888888    
        2168 -0.202222228    
        2169 -0.207777783    
        2170 -0.156666666    
        2171 -0.197777778    
        2172 -0.207777783    
        2173 -0.226666674    
        2174 -0.185555562    
        2175 -0.204444438    
        2176 -0.170000002    
        2177 -0.146666661    
        2178 -0.155555561    
        2179 -0.171111107    
        2180 -0.185555562    
        2181 -0.213333338    
        2182 -0.245555550    
        2183 -0.206666663    
        2184 -0.227777779    
        2185 -0.212222219    
        2186 -0.208888888    
        2187 -0.203333333    
        2188 -0.200000003    
        2189 -0.267777771    
        2190 -0.213333338    
        2191 -0.218888894    
        2192 -0.219999999    
        2193 -0.214444444    
        2194 -0.162222221    
        2195 -0.156666666    
        2196 -0.195555553    
        2197 -0.221111104    
        2198 -0.200000003    
        2199 -0.207777783    
        2200 -0.194444448    
        2201 -0.204444438    
        2202 -0.223333329    
        2203 -0.222222224    
        2204 -0.208888888    
        2205 -0.181111112    
        2206 -0.231111109    
        2207 -0.238888890    
        2208 -0.227777779    
        2209 -0.225555554    
        2210 -0.224444449    
        2211 -0.203333333    
        2212 -0.167777777    
        2213 -0.181111112    
        2214 -0.172222227    
        2215 -0.184444442    
        2216 -0.219999999    
        2217 -0.180000007    
        2218 -0.196666673    
        2219 -0.198888883    
        2220 -0.184444442    
        2221 -0.218888894    
        2222 -0.189999998    
        2223 -0.172222227    
        2224 -0.174444437    
        2225 -0.217777774    
        2226 -0.250000000    
        2227 -0.209999993    
        2228 -0.196666673    
        2229 -0.215555549    
        2230 -0.231111109    
        2231 -0.202222228    
        2232 -0.211111113    
        2233 -0.200000003    
        2234 -0.253333330    
        2235 -0.185555562    
        2236 -0.172222227    
        2237 -0.226666674    
        2238 -0.222222224    
        2239 -0.233333334    
        2240 -0.226666674    
        2241 -0.214444444    
        2242 -0.243333340    
        2243 -0.202222228    
        2244 -0.170000002    
        2245 -0.226666674    
        2246 -0.243333340    
        2247 -0.247777775    
        2248 -0.207777783    
        2249 -0.184444442    
        2250 -0.195555553    
        2251 -0.239999995    
        2252 -0.223333329    
        2253 -0.191111118    
        2254 -0.192222223    
        2255 -0.217777774    
        2256 -0.230000004    
        2257 -0.211111113    
        2258 -0.208888888    
        2259 -0.168888882    
        2260 -0.170000002    
        2261 -0.187777773    
        2262 -0.205555558    
        2263 -0.224444449    
        2264 -0.209999993    
        2265 -0.221111104    
        2266 -0.239999995    
        2267 -0.206666663    
        2268 -0.241111115    
        2269 -0.222222224    
        2270 -0.167777777    
        2271 -0.191111118    
        2272 -0.213333338    
        2273 -0.225555554    
        2274 -0.221111104    
        2275 -0.176666662    
        2276 -0.235555559    
        2277 -0.184444442    
        2278 -0.251111120    
        2279 -0.195555553    
        2280 -0.184444442    
        2281 -0.222222224    
        2282 -0.192222223    
        2283 -0.233333334    
        2284 -0.212222219    
        2285 -0.184444442    
        2286 -0.205555558    
        2287 -0.221111104    
        2288 -0.181111112    
        2289 -0.213333338    
        2290 -0.159999996    
        2291 -0.192222223    
        2292 -0.183333337    
        2293 -0.195555553    
        2294 -0.207777783    
        2295 -0.212222219    
        2296 -0.213333338    
        2297 -0.183333337    
        2298 -0.195555553    
        2299 -0.221111104    
        2300 -0.195555553    
        2301 -0.202222228    
        2302 -0.248888895    
        2303 -0.189999998    
        2304 -0.173333332    
        2305 -0.198888883    
        2306 -0.203333333    
        2307 -0.138888896    
        2308 -0.211111113    
        2309 -0.244444445    
        2310 -0.195555553    
        2311 -0.236666664    
        2312 -0.232222229    
        2313 -0.165555552    
        2314 -0.250000000    
        2315 -0.185555562    
        2316 -0.184444442    
        2317 -0.219999999    
        2318 -0.194444448    
        2319 -0.228888884    
        2320 -0.226666674    
        2321 -0.213333338    
        2322 -0.191111118    
        2323 -0.211111113    
        2324 -0.222222224    
        2325 -0.214444444    
        2326 -0.192222223    
        2327 -0.183333337    
        2328 -0.209999993    
        2329 -0.233333334    
        2330 -0.191111118    
        2331 -0.211111113    
        2332 -0.215555549    
        2333 -0.158888891    
        2334 -0.262222230    
        2335 -0.227777779    
        2336 -0.181111112    
        2337 -0.204444438    
        2338 -0.193333328    
        2339 -0.183333337    
        2340 -0.201111108    
        2341 -0.194444448    
        2342 -0.196666673    
        2343 -0.182222217    
        2344 -0.207777783    
        2345 -0.204444438    
        2346 -0.186666667    
        2347 -0.216666669    
        2348 -0.212222219    
        2349 -0.178888887    
        2350 -0.188888893    
        2351 -0.212222219    
        2352 -0.189999998    
        2353 -0.195555553    
        2354 -0.236666664    
        2355 -0.215555549    
        2356 -0.217777774    
        2357 -0.242222220    
        2358 -0.183333337    
        2359 -0.218888894    
        2360 -0.184444442    
        2361 -0.203333333    
        2362 -0.203333333    
        2363 -0.213333338    
        2364 -0.183333337    
        2365 -0.221111104    
        2366 -0.184444442    
        2367 -0.203333333    
        2368 -0.186666667    
        2369 -0.201111108    
        2370 -0.245555550    
        2371 -0.193333328    
        2372 -0.202222228    
        2373 -0.180000007    
        2374 -0.189999998    
        2375 -0.193333328    
        2376 -0.228888884    
        2377 -0.218888894    
        2378 -0.212222219    
        2379 -0.209999993    
        2380 -0.216666669    
        2381 -0.176666662    
        2382 -0.177777782    
        2383 -0.167777777    
        2384 -0.184444442    
        2385 -0.172222227    
        2386 -0.228888884    
        2387 -0.202222228    
        2388 -0.212222219    
        2389 -0.187777773    
        2390 -0.181111112    
        2391 -0.194444448    
        2392 -0.223333329    
        2393 -0.182222217    
        2394 -0.194444448    
        2395 -0.191111118    
        2396 -0.172222227    
        2397 -0.184444442    
        2398 -0.181111112    
        2399 -0.202222228    
        2400 -0.196666673    
        2401 -0.221111104    
        2402 -0.231111109    
        2403 -0.198888883    
        2404 -0.211111113    
        2405 -0.177777782    
        2406 -0.192222223    
        2407 -0.217777774    
        2408 -0.193333328    
        2409 -0.248888895    
        2410 -0.174444437    
        2411 -0.188888893    
        2412 -0.167777777    
        2413 -0.254444450    
        2414 -0.217777774    
        2415 -0.187777773    
        2416 -0.201111108    
        2417 -0.177777782    
        2418 -0.205555558    
        2419 -0.166666672    
        2420 -0.129999995    
        2421 -0.173333332    
        2422 -0.196666673    
        2423 -0.197777778    
        2424 -0.187777773    
        2425 -0.221111104    
        2426 -0.184444442    
        2427 -0.167777777    
        2428 -0.182222217    
        2429 -0.182222217    
        2430 -0.221111104    
        2431 -0.186666667    
        2432 -0.208888888    
        2433 -0.180000007    
        2434 -0.231111109    
        2435 -0.211111113    
        2436 -0.178888887    
        2437 -0.178888887    
        2438 -0.203333333    
        2439 -0.184444442    
        2440 -0.244444445    
        2441 -0.173333332    
        2442 -0.176666662    
        2443 -0.195555553    
        2444 -0.195555553    
        2445 -0.183333337    
        2446 -0.233333334    
        2447 -0.185555562    
        2448 -0.221111104    
        2449 -0.182222217    
        2450 -0.214444444    
        2451 -0.155555561    
        2452 -0.242222220    
        2453 -0.195555553    
        2454 -0.174444437    
        2455 -0.200000003    
        2456 -0.214444444    
        2457 -0.281111121    
        2458 -0.256666660    
        2459 -0.213333338    
        2460 -0.236666664    
        2461 -0.206666663    
        2462 -0.195555553    
        2463 -0.212222219    
        2464 -0.246666670    
        2465 -0.205555558    
        2466 -0.208888888    
        2467 -0.170000002    
        2468 -0.200000003    
        2469 -0.176666662    
        2470 -0.159999996    
        2471 -0.217777774    
        2472 -0.195555553    
        2473 -0.178888887    
        2474 -0.234444439    
        2475 -0.185555562    
        2476 -0.196666673    
        2477 -0.162222221    
        2478 -0.161111116    
        2479 -0.172222227    
        2480 -0.189999998    
        2481 -0.203333333    
        2482 -0.191111118    
        2483 -0.148888886    
        2484 -0.203333333    
        2485 -0.184444442    
        2486 -0.170000002    
        2487 -0.166666672    
        2488 -0.172222227    
        2489 -0.158888891    
        2490 -0.200000003    
        2491 -0.214444444    
        2492 -0.226666674    
        2493 -0.213333338    
        2494 -0.164444447    
        2495 -0.186666667    
        2496 -0.201111108    
        2497 -0.244444445    
        2498 -0.264444441    
        2499 -0.244444445    
        2500 -0.226666674    
        2501 -0.242222220    
        2502 -0.217777774    
        2503 -0.206666663    
        2504 -0.168888882    
        2505 -0.200000003    
        2506 -0.156666666    
        2507 -0.191111118    
        2508 -0.184444442    
        2509 -0.184444442    
        2510 -0.224444449    
        2511 -0.201111108    
        2512 -0.178888887    
        2513 -0.200000003    
        2514 -0.259999990    
        2515 -0.209999993    
        2516 -0.226666674    
        2517 -0.191111118    
        2518 -0.172222227    
        2519 -0.186666667    
        2520 -0.204444438    
        2521 -0.162222221    
        2522 -0.162222221    
        2523 -0.214444444    
        2524 -0.200000003    
        2525 -0.205555558    
        2526 -0.177777782    
        2527 -0.197777778    
        2528 -0.193333328    
        2529 -0.191111118    
        2530 -0.223333329    
        2531 -0.195555553    
        2532 -0.140000001    
        2533 -0.192222223    
        2534 -0.154444441    
        2535 -0.211111113    
        2536 -0.227777779    
        2537 -0.180000007    
        2538 -0.206666663    
        2539 -0.219999999    
        2540 -0.217777774    
        2541 -0.243333340    
        2542 -0.189999998    
        2543 -0.166666672    
        2544 -0.204444438    
        2545 -0.184444442    
        2546 -0.213333338    
        2547 -0.218888894    
        2548 -0.203333333    
        2549 -0.200000003    
        2550 -0.164444447    
        2551 -0.198888883    
        2552 -0.235555559    
        2553 -0.170000002    
        2554 -0.221111104    
        2555 -0.188888893    
        2556 -0.153333336    
        2557 -0.186666667    
        2558 -0.173333332    
        2559 -0.250000000    
        2560 -0.209999993    
        2561 -0.189999998    
        2562 -0.173333332    
        2563 -0.171111107    
        2564 -0.196666673    
        2565 -0.176666662    
        2566 -0.173333332    
        2567 -0.188888893    
        2568 -0.202222228    
        2569 -0.146666661    
        2570 -0.154444441    
        2571 -0.213333338    
        2572 -0.243333340    
        2573 -0.221111104    
        2574 -0.219999999    
        2575 -0.176666662    
        2576 -0.178888887    
        2577 -0.192222223    
        2578 -0.202222228    
        2579 -0.187777773    
        2580 -0.243333340    
        2581 -0.205555558    
        2582 -0.189999998    
        2583 -0.205555558    
        2584 -0.223333329    
        2585 -0.219999999    
        2586 -0.131111115    
        2587 -0.172222227    
        2588 -0.206666663    
        2589 -0.205555558    
        2590 -0.211111113    
        2591 -0.175555557    
        2592 -0.236666664    
        2593 -0.171111107    
        2594 -0.163333327    
        2595 -0.188888893    
        2596 -0.216666669    
        2597 -0.183333337    
        2598 -0.189999998    
        2599 -0.184444442    
        2600 -0.252222210    
        2601 -0.192222223    
        2602 -0.211111113    
        2603 -0.224444449    
        2604 -0.181111112    
        2605 -0.174444437    
        2606 -0.197777778    
        2607 -0.196666673    
        2608 -0.174444437    
        2609 -0.200000003    
        2610 -0.247777775    
        2611 -0.146666661    
        2612 -0.165555552    
        2613 -0.192222223    
        2614 -0.208888888    
        2615 -0.163333327    
        2616 -0.163333327    
        2617 -0.234444439    
        2618 -0.205555558    
        2619 -0.146666661    
        2620 -0.171111107    
        2621 -0.214444444    
        2622 -0.228888884    
        2623 -0.253333330    
        2624 -0.222222224    
        2625 -0.177777782    
        2626 -0.208888888    
        2627 -0.178888887    
        2628 -0.224444449    
        2629 -0.158888891    
        2630 -0.184444442    
        2631 -0.180000007    
        2632 -0.193333328    
        2633 -0.189999998    
        2634 -0.204444438    
        2635 -0.234444439    
        2636 -0.201111108    
        2637 -0.215555549    
        2638 -0.217777774    
        2639 -0.232222229    
        2640 -0.209999993    
        2641 -0.238888890    
        2642 -0.209999993    
        2643 -0.221111104    
        2644 -0.235555559    
        2645 -0.208888888    
        2646 -0.215555549    
        2647 -0.233333334    
        2648 -0.184444442    
        2649 -0.177777782    
        2650 -0.185555562    
        2651 -0.204444438    
        2652 -0.184444442    
        2653 -0.215555549    
        2654 -0.180000007    
        2655 -0.176666662    
        2656 -0.171111107    
        2657 -0.204444438    
        2658 -0.217777774    
        2659 -0.196666673    
        2660 -0.205555558    
        2661 -0.227777779    
        2662 -0.188888893    
        2663 -0.215555549    
        2664 -0.182222217    
        2665 -0.185555562    
        2666 -0.212222219    
        2667 -0.198888883    
        2668 -0.166666672    
        2669 -0.197777778    
        2670 -0.237777784    
        2671 -0.227777779    
        2672 -0.217777774    
        2673 -0.218888894    
        2674 -0.226666674    
        2675 -0.221111104    
        2676 -0.214444444    
        2677 -0.177777782    
        2678 -0.185555562    
        2679 -0.231111109    
        2680 -0.221111104    
        2681 -0.177777782    
        2682 -0.219999999    
        2683 -0.198888883    
        2684 -0.209999993    
        2685 -0.185555562    
        2686 -0.189999998    
        2687 -0.232222229    
        2688 -0.200000003    
        2689 -0.194444448    
        2690 -0.171111107    
        2691 -0.178888887    
        2692 -0.196666673    
        2693 -0.170000002    
        2694 -0.208888888    
        2695 -0.202222228    
        2696 -0.168888882    
        2697 -0.167777777    
        2698 -0.171111107    
        2699 -0.234444439    
        2700 -0.189999998    
        2701 -0.222222224    
        2702 -0.215555549    
        2703 -0.244444445    
        2704 -0.192222223    
        2705 -0.194444448    
        2706 -0.215555549    
        2707 -0.230000004    
        2708 -0.208888888    
        2709 -0.184444442    
        2710 -0.205555558    
        2711 -0.182222217    
        2712 -0.204444438    
        2713 -0.205555558    
        2714 -0.197777778    
        2715 -0.200000003    
        2716 -0.225555554    
        2717 -0.228888884    
        2718 -0.189999998    
        2719 -0.214444444    
        2720 -0.200000003    
        2721 -0.217777774    
        2722 -0.222222224    
        2723 -0.237777784    
        2724 -0.203333333    
        2725 -0.242222220    
        2726 -0.208888888    
        2727 -0.217777774    
        2728 -0.164444447    
        2729 -0.191111118    
        2730 -0.170000002    
        2731 -0.197777778    
        2732 -0.222222224    
        2733 -0.242222220    
        2734 -0.192222223    
        2735 -0.213333338    
        2736 -0.212222219    
        2737 -0.218888894    
        2738 -0.198888883    
        2739 -0.227777779    
        2740 -0.213333338    
        2741 -0.201111108    
        2742 -0.204444438    
        2743 -0.188888893    
        2744 -0.208888888    
        2745 -0.178888887    
        2746 -0.206666663    
        2747 -0.204444438    
        2748 -0.172222227    
        2749 -0.206666663    
        2750 -0.201111108    
        2751 -0.214444444    
        2752 -0.154444441    
        2753 -0.191111118    
        2754 -0.183333337    
        2755 -0.208888888    
        2756 -0.205555558    
        2757 -0.230000004    
        2758 -0.252222210    
        2759 -0.215555549    
        2760 -0.176666662    
        2761 -0.194444448    
        2762 -0.237777784    
        2763 -0.185555562    
        2764 -0.197777778    
        2765 -0.202222228    
        2766 -0.185555562    
        2767 -0.157777771    
        2768 -0.187777773    
        2769 -0.215555549    
        2770 -0.200000003    
        2771 -0.231111109    
        2772 -0.187777773    
        2773 -0.214444444    
        2774 -0.174444437    
        2775 -0.242222220    
        2776 -0.147777781    
        2777 -0.214444444    
        2778 -0.191111118    
        2779 -0.217777774    
        2780 -0.204444438    
        2781 -0.207777783    
        2782 -0.177777782    
        2783 -0.184444442    
        2784 -0.164444447    
        2785 -0.153333336    
        2786 -0.205555558    
        2787 -0.200000003    
        2788 -0.232222229    
        2789 -0.205555558    
        2790 -0.215555549    
        2791 -0.230000004    
        2792 -0.224444449    
        2793 -0.162222221    
        2794 -0.170000002    
        2795 -0.186666667    
        2796 -0.200000003    
        2797 -0.217777774    
        2798 -0.175555557    
        2799 -0.213333338    
        2800 -0.204444438    
        2801 -0.168888882    
        2802 -0.202222228    
        2803 -0.197777778    
        2804 -0.197777778    
        2805 -0.173333332    
        2806 -0.203333333    
        2807 -0.246666670    
        2808 -0.227777779    
        2809 -0.218888894    
        2810 -0.213333338    
        2811 -0.187777773    
        2812 -0.203333333    
        2813 -0.214444444    
        2814 -0.202222228    
        2815 -0.230000004    
        2816 -0.184444442    
        2817 -0.163333327    
        2818 -0.182222217    
        2819 -0.184444442    
        2820 -0.191111118    
        2821 -0.182222217    
        2822 -0.216666669    
        2823 -0.172222227    
        2824 -0.158888891    
        2825 -0.221111104    
        2826 -0.183333337    
        2827 -0.198888883    
        2828 -0.230000004    
        2829 -0.185555562    
        2830 -0.196666673    
        2831 -0.135555550    
        2832 -0.155555561    
        2833 -0.198888883    
        2834 -0.206666663    
        2835 -0.184444442    
        2836 -0.196666673    
        2837 -0.186666667    
        2838 -0.168888882    
        2839 -0.213333338    
        2840 -0.246666670    
        2841 -0.247777775    
        2842 -0.195555553    
        2843 -0.215555549    
        2844 -0.227777779    
        2845 -0.219999999    
        2846 -0.207777783    
        2847 -0.170000002    
        2848 -0.146666661    
        2849 -0.166666672    
        2850 -0.211111113    
        2851 -0.206666663    
        2852 -0.215555549    
        2853 -0.247777775    
        2854 -0.177777782    
        2855 -0.202222228    
        2856 -0.242222220    
        2857 -0.222222224    
        2858 -0.170000002    
        2859 -0.219999999    
        2860 -0.200000003    
        2861 -0.176666662    
        2862 -0.174444437    
        2863 -0.204444438    
        2864 -0.194444448    
        2865 -0.225555554    
        2866 -0.201111108    
        2867 -0.201111108    
        2868 -0.202222228    
        2869 -0.192222223    
        2870 -0.214444444    
        2871 -0.209999993    
        2872 -0.235555559    
        2873 -0.200000003    
        2874 -0.219999999    
        2875 -0.213333338    
        2876 -0.236666664    
        2877 -0.256666660    
        2878 -0.198888883    
        2879 -0.202222228    
        2880 -0.213333338    
        2881 -0.197777778    
        2882 -0.185555562    
        2883 -0.212222219    
        2884 -0.266666681    
        2885 -0.205555558    
        2886 -0.182222217    
        2887 -0.195555553    
        2888 -0.176666662    
        2889 -0.184444442    
        2890 -0.195555553    
        2891 -0.157777771    
        2892 -0.213333338    
        2893 -0.211111113    
        2894 -0.200000003    
        2895 -0.187777773    
        2896 -0.222222224    
        2897 -0.184444442    
        2898 -0.203333333    
        2899 -0.221111104    
        2900 -0.171111107    
        2901 -0.180000007    
        2902 -0.205555558    
        2903 -0.231111109    
        2904 -0.214444444    
        2905 -0.173333332    
        2906 -0.187777773    
        2907 -0.198888883    
        2908 -0.208888888    
        2909 -0.181111112    
        2910 -0.209999993    
        2911 -0.228888884    
        2912 -0.219999999    
        2913 -0.225555554    
        2914 -0.192222223    
        2915 -0.221111104    
        2916 -0.212222219    
        2917 -0.187777773    
        2918 -0.203333333    
        2919 -0.262222230    
        2920 -0.232222229    
        2921 -0.244444445    
        2922 -0.206666663    
        2923 -0.242222220    
        2924 -0.182222217    
        2925 -0.195555553    
        2926 -0.194444448    
        2927 -0.255555570    
        2928 -0.211111113    
        2929 -0.222222224    
        2930 -0.268888891    
        2931 -0.225555554    
        2932 -0.200000003    
        2933 -0.182222217    
        2934 -0.237777784    
        2935 -0.206666663    
        2936 -0.167777777    
        2937 -0.268888891    
        2938 -0.168888882    
        2939 -0.203333333    
        2940 -0.185555562    
        2941 -0.206666663    
        2942 -0.228888884    
        2943 -0.213333338    
        2944 -0.208888888    
        2945 -0.172222227    
        2946 -0.208888888    
        2947 -0.214444444    
        2948 -0.161111116    
        2949 -0.204444438    
        2950 -0.209999993    
        2951 -0.201111108    
        2952 -0.241111115    
        2953 -0.202222228    
        2954 -0.222222224    
        2955 -0.195555553    
        2956 -0.228888884    
        2957 -0.217777774    
        2958 -0.196666673    
        2959 -0.212222219    
        2960 -0.201111108    
        2961 -0.234444439    
        2962 -0.227777779    
        2963 -0.221111104    
        2964 -0.180000007    
        2965 -0.247777775    
        2966 -0.181111112    
        2967 -0.211111113    
        2968 -0.223333329    
        2969 -0.151111111    
        2970 -0.161111116    
        2971 -0.152222216    
        2972 -0.212222219    
        2973 -0.186666667    
        2974 -0.225555554    
        2975 -0.226666674    
        2976 -0.227777779    
        2977 -0.246666670    
        2978 -0.195555553    
        2979 -0.234444439    
        2980 -0.192222223    
        2981 -0.181111112    
        2982 -0.236666664    
        2983 -0.226666674    
        2984 -0.187777773    
        2985 -0.217777774    
        2986 -0.143333331    
        2987 -0.175555557    
        2988 -0.212222219    
        2989 -0.224444449    
        2990 -0.194444448    
        2991 -0.202222228    
        2992 -0.218888894    
        2993 -0.209999993    
        2994 -0.241111115    
        2995 -0.235555559    
        2996 -0.185555562    
        2997 -0.200000003    
        2998 -0.170000002    
        2999 -0.178888887    
        3000 -0.181111112    
