           0  -20000.0000    
           1  -2.00000000    
           2  -2.00000000    
           3  -2.00000000    
           4  -2.00000000    
           5  -2.00000000    
           6  -2.00000000    
           7  -2.00000000    
           8  -2.00000000    
           9  -2.00000000    
          10  -2.00000000    
          11  -2.00000000    
          12  -2.00000000    
          13  -2.00000000    
          14  -2.00000000    
          15  -2.00000000    
          16  -2.00000000    
          17  -2.00000000    
          18  -2.00000000    
          19  -2.00000000    
          20  -2.00000000    
          21  -2.00000000    
          22  -2.00000000    
          23  -2.00000000    
          24  -2.00000000    
          25  -2.00000000    
          26  -2.00000000    
          27  -2.00000000    
          28  -2.00000000    
          29  -2.00000000    
          30  -2.00000000    
          31  -2.00000000    
          32  -2.00000000    
          33  -2.00000000    
          34  -2.00000000    
          35  -2.00000000    
          36  -2.00000000    
          37  -2.00000000    
          38  -2.00000000    
          39  -2.00000000    
          40  -2.00000000    
          41  -2.00000000    
          42  -2.00000000    
          43  -2.00000000    
          44  -2.00000000    
          45  -2.00000000    
          46  -2.00000000    
          47  -2.00000000    
          48  -2.00000000    
          49  -2.00000000    
          50  -2.00000000    
          51  -2.00000000    
          52  -2.00000000    
          53  -2.00000000    
          54  -2.00000000    
          55  -2.00000000    
          56  -2.00000000    
          57  -2.00000000    
          58  -2.00000000    
          59  -2.00000000    
          60  -2.00000000    
          61  -2.00000000    
          62  -2.00000000    
          63  -2.00000000    
          64  -2.00000000    
          65  -2.00000000    
          66  -2.00000000    
          67  -2.00000000    
          68  -2.00000000    
          69  -2.00000000    
          70  -2.00000000    
          71  -2.00000000    
          72  -2.00000000    
          73  -2.00000000    
          74  -2.00000000    
          75  -2.00000000    
          76  -2.00000000    
          77  -2.00000000    
          78  -2.00000000    
          79  -2.00000000    
          80  -2.00000000    
          81  -2.00000000    
          82  -2.00000000    
          83  -2.00000000    
          84  -2.00000000    
          85  -2.00000000    
          86  -2.00000000    
          87  -2.00000000    
          88  -2.00000000    
          89  -2.00000000    
          90  -2.00000000    
          91  -2.00000000    
          92  -2.00000000    
          93  -2.00000000    
          94  -2.00000000    
          95  -2.00000000    
          96  -2.00000000    
          97  -2.00000000    
          98  -2.00000000    
          99  -2.00000000    
         100  -2.00000000    
         101  -2.00000000    
         102  -2.00000000    
         103  -2.00000000    
         104  -2.00000000    
         105  -2.00000000    
         106  -2.00000000    
         107  -2.00000000    
         108  -2.00000000    
         109  -2.00000000    
         110  -2.00000000    
         111  -2.00000000    
         112  -2.00000000    
         113  -2.00000000    
         114  -2.00000000    
         115  -2.00000000    
         116  -2.00000000    
         117  -2.00000000    
         118  -2.00000000    
         119  -2.00000000    
         120  -2.00000000    
         121  -2.00000000    
         122  -2.00000000    
         123  -2.00000000    
         124  -2.00000000    
         125  -2.00000000    
         126  -2.00000000    
         127  -2.00000000    
         128  -2.00000000    
         129  -2.00000000    
         130  -2.00000000    
         131  -2.00000000    
         132  -2.00000000    
         133  -2.00000000    
         134  -2.00000000    
         135  -2.00000000    
         136  -2.00000000    
         137  -2.00000000    
         138  -2.00000000    
         139  -2.00000000    
         140  -2.00000000    
         141  -2.00000000    
         142  -2.00000000    
         143  -2.00000000    
         144  -2.00000000    
         145  -2.00000000    
         146  -2.00000000    
         147  -2.00000000    
         148  -2.00000000    
         149  -2.00000000    
         150  -2.00000000    
         151  -2.00000000    
         152  -2.00000000    
         153  -2.00000000    
         154  -2.00000000    
         155  -2.00000000    
         156  -2.00000000    
         157  -2.00000000    
         158  -2.00000000    
         159  -2.00000000    
         160  -2.00000000    
         161  -2.00000000    
         162  -2.00000000    
         163  -2.00000000    
         164  -2.00000000    
         165  -2.00000000    
         166  -2.00000000    
         167  -2.00000000    
         168  -2.00000000    
         169  -2.00000000    
         170  -2.00000000    
         171  -2.00000000    
         172  -2.00000000    
         173  -2.00000000    
         174  -2.00000000    
         175  -2.00000000    
         176  -2.00000000    
         177  -2.00000000    
         178  -2.00000000    
         179  -2.00000000    
         180  -2.00000000    
         181  -2.00000000    
         182  -2.00000000    
         183  -2.00000000    
         184  -2.00000000    
         185  -2.00000000    
         186  -2.00000000    
         187  -2.00000000    
         188  -2.00000000    
         189  -2.00000000    
         190  -2.00000000    
         191  -2.00000000    
         192  -2.00000000    
         193  -2.00000000    
         194  -2.00000000    
         195  -2.00000000    
         196  -2.00000000    
         197  -2.00000000    
         198  -2.00000000    
         199  -2.00000000    
         200  -2.00000000    
         201  -2.00000000    
         202  -2.00000000    
         203  -2.00000000    
         204  -2.00000000    
         205  -2.00000000    
         206  -2.00000000    
         207  -2.00000000    
         208  -2.00000000    
         209  -2.00000000    
         210  -2.00000000    
         211  -2.00000000    
         212  -2.00000000    
         213  -2.00000000    
         214  -2.00000000    
         215  -2.00000000    
         216  -2.00000000    
         217  -2.00000000    
         218  -2.00000000    
         219  -2.00000000    
         220  -2.00000000    
         221  -2.00000000    
         222  -2.00000000    
         223  -2.00000000    
         224  -2.00000000    
         225  -2.00000000    
         226  -2.00000000    
         227  -2.00000000    
         228  -2.00000000    
         229  -2.00000000    
         230  -2.00000000    
         231  -2.00000000    
         232  -2.00000000    
         233  -2.00000000    
         234  -2.00000000    
         235  -2.00000000    
         236  -2.00000000    
         237  -2.00000000    
         238  -2.00000000    
         239  -2.00000000    
         240  -2.00000000    
         241  -2.00000000    
         242  -2.00000000    
         243  -2.00000000    
         244  -2.00000000    
         245  -2.00000000    
         246  -2.00000000    
         247  -2.00000000    
         248  -2.00000000    
         249  -2.00000000    
         250  -2.00000000    
         251  -2.00000000    
         252  -2.00000000    
         253  -2.00000000    
         254  -2.00000000    
         255  -2.00000000    
         256  -2.00000000    
         257  -2.00000000    
         258  -2.00000000    
         259  -2.00000000    
         260  -2.00000000    
         261  -2.00000000    
         262  -2.00000000    
         263  -2.00000000    
         264  -2.00000000    
         265  -2.00000000    
         266  -2.00000000    
         267  -2.00000000    
         268  -2.00000000    
         269  -2.00000000    
         270  -2.00000000    
         271  -2.00000000    
         272  -2.00000000    
         273  -2.00000000    
         274  -2.00000000    
         275  -2.00000000    
         276  -2.00000000    
         277  -2.00000000    
         278  -2.00000000    
         279  -2.00000000    
         280  -2.00000000    
         281  -2.00000000    
         282  -2.00000000    
         283  -2.00000000    
         284  -2.00000000    
         285  -2.00000000    
         286  -2.00000000    
         287  -2.00000000    
         288  -2.00000000    
         289  -2.00000000    
         290  -2.00000000    
         291  -2.00000000    
         292  -2.00000000    
         293  -2.00000000    
         294  -2.00000000    
         295  -2.00000000    
         296  -2.00000000    
         297  -2.00000000    
         298  -2.00000000    
         299  -2.00000000    
         300  -2.00000000    
         301  -2.00000000    
         302  -2.00000000    
         303  -2.00000000    
         304  -2.00000000    
         305  -2.00000000    
         306  -2.00000000    
         307  -2.00000000    
         308  -2.00000000    
         309  -2.00000000    
         310  -2.00000000    
         311  -2.00000000    
         312  -2.00000000    
         313  -2.00000000    
         314  -2.00000000    
         315  -2.00000000    
         316  -2.00000000    
         317  -2.00000000    
         318  -2.00000000    
         319  -2.00000000    
         320  -2.00000000    
         321  -2.00000000    
         322  -2.00000000    
         323  -2.00000000    
         324  -2.00000000    
         325  -2.00000000    
         326  -2.00000000    
         327  -2.00000000    
         328  -2.00000000    
         329  -2.00000000    
         330  -2.00000000    
         331  -2.00000000    
         332  -2.00000000    
         333  -2.00000000    
         334  -2.00000000    
         335  -2.00000000    
         336  -2.00000000    
         337  -2.00000000    
         338  -2.00000000    
         339  -2.00000000    
         340  -2.00000000    
         341  -2.00000000    
         342  -2.00000000    
         343  -2.00000000    
         344  -2.00000000    
         345  -2.00000000    
         346  -2.00000000    
         347  -2.00000000    
         348  -2.00000000    
         349  -2.00000000    
         350  -2.00000000    
         351  -2.00000000    
         352  -2.00000000    
         353  -2.00000000    
         354  -2.00000000    
         355  -2.00000000    
         356  -2.00000000    
         357  -2.00000000    
         358  -2.00000000    
         359  -2.00000000    
         360  -2.00000000    
         361  -2.00000000    
         362  -2.00000000    
         363  -2.00000000    
         364  -2.00000000    
         365  -2.00000000    
         366  -2.00000000    
         367  -2.00000000    
         368  -2.00000000    
         369  -2.00000000    
         370  -2.00000000    
         371  -2.00000000    
         372  -2.00000000    
         373  -2.00000000    
         374  -2.00000000    
         375  -2.00000000    
         376  -2.00000000    
         377  -2.00000000    
         378  -2.00000000    
         379  -2.00000000    
         380  -2.00000000    
         381  -2.00000000    
         382  -2.00000000    
         383  -2.00000000    
         384  -2.00000000    
         385  -2.00000000    
         386  -2.00000000    
         387  -2.00000000    
         388  -2.00000000    
         389  -2.00000000    
         390  -2.00000000    
         391  -2.00000000    
         392  -2.00000000    
         393  -2.00000000    
         394  -2.00000000    
         395  -2.00000000    
         396  -2.00000000    
         397  -2.00000000    
         398  -2.00000000    
         399  -2.00000000    
         400  -2.00000000    
         401  -2.00000000    
         402  -2.00000000    
         403  -2.00000000    
         404  -2.00000000    
         405  -2.00000000    
         406  -2.00000000    
         407  -2.00000000    
         408  -2.00000000    
         409  -2.00000000    
         410  -2.00000000    
         411  -2.00000000    
         412  -2.00000000    
         413  -2.00000000    
         414  -2.00000000    
         415  -2.00000000    
         416  -2.00000000    
         417  -2.00000000    
         418  -2.00000000    
         419  -2.00000000    
         420  -2.00000000    
         421  -2.00000000    
         422  -2.00000000    
         423  -2.00000000    
         424  -2.00000000    
         425  -2.00000000    
         426  -2.00000000    
         427  -2.00000000    
         428  -2.00000000    
         429  -2.00000000    
         430  -2.00000000    
         431  -2.00000000    
         432  -2.00000000    
         433  -2.00000000    
         434  -2.00000000    
         435  -2.00000000    
         436  -2.00000000    
         437  -2.00000000    
         438  -2.00000000    
         439  -2.00000000    
         440  -2.00000000    
         441  -2.00000000    
         442  -2.00000000    
         443  -2.00000000    
         444  -2.00000000    
         445  -2.00000000    
         446  -2.00000000    
         447  -2.00000000    
         448  -2.00000000    
         449  -2.00000000    
         450  -2.00000000    
         451  -2.00000000    
         452  -2.00000000    
         453  -2.00000000    
         454  -2.00000000    
         455  -2.00000000    
         456  -2.00000000    
         457  -2.00000000    
         458  -2.00000000    
         459  -2.00000000    
         460  -2.00000000    
         461  -2.00000000    
         462  -2.00000000    
         463  -2.00000000    
         464  -2.00000000    
         465  -2.00000000    
         466  -2.00000000    
         467  -2.00000000    
         468  -2.00000000    
         469  -2.00000000    
         470  -2.00000000    
         471  -2.00000000    
         472  -2.00000000    
         473  -2.00000000    
         474  -2.00000000    
         475  -2.00000000    
         476  -2.00000000    
         477  -2.00000000    
         478  -2.00000000    
         479  -2.00000000    
         480  -2.00000000    
         481  -2.00000000    
         482  -2.00000000    
         483  -2.00000000    
         484  -2.00000000    
         485  -2.00000000    
         486  -2.00000000    
         487  -2.00000000    
         488  -2.00000000    
         489  -2.00000000    
         490  -2.00000000    
         491  -2.00000000    
         492  -2.00000000    
         493  -2.00000000    
         494  -2.00000000    
         495  -2.00000000    
         496  -2.00000000    
         497  -2.00000000    
         498  -2.00000000    
         499  -2.00000000    
         500  -2.00000000    
         501  -2.00000000    
         502  -2.00000000    
         503  -2.00000000    
         504  -2.00000000    
         505  -2.00000000    
         506  -2.00000000    
         507  -2.00000000    
         508  -2.00000000    
         509  -2.00000000    
         510  -2.00000000    
         511  -2.00000000    
         512  -2.00000000    
         513  -2.00000000    
         514  -2.00000000    
         515  -2.00000000    
         516  -2.00000000    
         517  -2.00000000    
         518  -2.00000000    
         519  -2.00000000    
         520  -2.00000000    
         521  -2.00000000    
         522  -2.00000000    
         523  -2.00000000    
         524  -2.00000000    
         525  -2.00000000    
         526  -2.00000000    
         527  -2.00000000    
         528  -2.00000000    
         529  -2.00000000    
         530  -2.00000000    
         531  -2.00000000    
         532  -2.00000000    
         533  -2.00000000    
         534  -2.00000000    
         535  -2.00000000    
         536  -2.00000000    
         537  -2.00000000    
         538  -2.00000000    
         539  -2.00000000    
         540  -2.00000000    
         541  -2.00000000    
         542  -2.00000000    
         543  -2.00000000    
         544  -2.00000000    
         545  -2.00000000    
         546  -2.00000000    
         547  -2.00000000    
         548  -2.00000000    
         549  -2.00000000    
         550  -2.00000000    
         551  -2.00000000    
         552  -2.00000000    
         553  -2.00000000    
         554  -2.00000000    
         555  -2.00000000    
         556  -2.00000000    
         557  -2.00000000    
         558  -2.00000000    
         559  -2.00000000    
         560  -2.00000000    
         561  -2.00000000    
         562  -2.00000000    
         563  -2.00000000    
         564  -2.00000000    
         565  -2.00000000    
         566  -2.00000000    
         567  -2.00000000    
         568  -2.00000000    
         569  -2.00000000    
         570  -2.00000000    
         571  -2.00000000    
         572  -2.00000000    
         573  -2.00000000    
         574  -2.00000000    
         575  -2.00000000    
         576  -2.00000000    
         577  -2.00000000    
         578  -2.00000000    
         579  -2.00000000    
         580  -2.00000000    
         581  -2.00000000    
         582  -2.00000000    
         583  -2.00000000    
         584  -2.00000000    
         585  -2.00000000    
         586  -2.00000000    
         587  -2.00000000    
         588  -2.00000000    
         589  -2.00000000    
         590  -2.00000000    
         591  -2.00000000    
         592  -2.00000000    
         593  -2.00000000    
         594  -2.00000000    
         595  -2.00000000    
         596  -2.00000000    
         597  -2.00000000    
         598  -2.00000000    
         599  -2.00000000    
         600  -2.00000000    
         601  -2.00000000    
         602  -2.00000000    
         603  -2.00000000    
         604  -2.00000000    
         605  -2.00000000    
         606  -2.00000000    
         607  -2.00000000    
         608  -2.00000000    
         609  -2.00000000    
         610  -2.00000000    
         611  -2.00000000    
         612  -2.00000000    
         613  -2.00000000    
         614  -2.00000000    
         615  -2.00000000    
         616  -2.00000000    
         617  -2.00000000    
         618  -2.00000000    
         619  -2.00000000    
         620  -2.00000000    
         621  -2.00000000    
         622  -2.00000000    
         623  -2.00000000    
         624  -2.00000000    
         625  -2.00000000    
         626  -2.00000000    
         627  -2.00000000    
         628  -2.00000000    
         629  -2.00000000    
         630  -2.00000000    
         631  -2.00000000    
         632  -2.00000000    
         633  -2.00000000    
         634  -2.00000000    
         635  -2.00000000    
         636  -2.00000000    
         637  -2.00000000    
         638  -2.00000000    
         639  -2.00000000    
         640  -2.00000000    
         641  -2.00000000    
         642  -2.00000000    
         643  -2.00000000    
         644  -2.00000000    
         645  -2.00000000    
         646  -2.00000000    
         647  -2.00000000    
         648  -2.00000000    
         649  -2.00000000    
         650  -2.00000000    
         651  -2.00000000    
         652  -2.00000000    
         653  -2.00000000    
         654  -2.00000000    
         655  -2.00000000    
         656  -2.00000000    
         657  -2.00000000    
         658  -2.00000000    
         659  -2.00000000    
         660  -2.00000000    
         661  -2.00000000    
         662  -2.00000000    
         663  -2.00000000    
         664  -2.00000000    
         665  -2.00000000    
         666  -2.00000000    
         667  -2.00000000    
         668  -2.00000000    
         669  -2.00000000    
         670  -2.00000000    
         671  -2.00000000    
         672  -2.00000000    
         673  -2.00000000    
         674  -2.00000000    
         675  -2.00000000    
         676  -2.00000000    
         677  -2.00000000    
         678  -2.00000000    
         679  -2.00000000    
         680  -2.00000000    
         681  -2.00000000    
         682  -2.00000000    
         683  -2.00000000    
         684  -2.00000000    
         685  -2.00000000    
         686  -2.00000000    
         687  -2.00000000    
         688  -2.00000000    
         689  -2.00000000    
         690  -2.00000000    
         691  -2.00000000    
         692  -2.00000000    
         693  -2.00000000    
         694  -2.00000000    
         695  -2.00000000    
         696  -2.00000000    
         697  -2.00000000    
         698  -2.00000000    
         699  -2.00000000    
         700  -2.00000000    
         701  -2.00000000    
         702  -2.00000000    
         703  -2.00000000    
         704  -2.00000000    
         705  -2.00000000    
         706  -2.00000000    
         707  -2.00000000    
         708  -2.00000000    
         709  -2.00000000    
         710  -2.00000000    
         711  -2.00000000    
         712  -2.00000000    
         713  -2.00000000    
         714  -2.00000000    
         715  -2.00000000    
         716  -2.00000000    
         717  -2.00000000    
         718  -2.00000000    
         719  -2.00000000    
         720  -2.00000000    
         721  -2.00000000    
         722  -2.00000000    
         723  -2.00000000    
         724  -2.00000000    
         725  -2.00000000    
         726  -2.00000000    
         727  -2.00000000    
         728  -2.00000000    
         729  -2.00000000    
         730  -2.00000000    
         731  -1.99919999    
         732  -2.00000000    
         733  -2.00000000    
         734  -2.00000000    
         735  -2.00000000    
         736  -2.00000000    
         737  -2.00000000    
         738  -2.00000000    
         739  -2.00000000    
         740  -2.00000000    
         741  -2.00000000    
         742  -2.00000000    
         743  -2.00000000    
         744  -2.00000000    
         745  -2.00000000    
         746  -2.00000000    
         747  -2.00000000    
         748  -2.00000000    
         749  -2.00000000    
         750  -2.00000000    
         751  -2.00000000    
         752  -2.00000000    
         753  -2.00000000    
         754  -2.00000000    
         755  -2.00000000    
         756  -2.00000000    
         757  -2.00000000    
         758  -2.00000000    
         759  -2.00000000    
         760  -2.00000000    
         761  -2.00000000    
         762  -2.00000000    
         763  -2.00000000    
         764  -2.00000000    
         765  -2.00000000    
         766  -2.00000000    
         767  -2.00000000    
         768  -2.00000000    
         769  -2.00000000    
         770  -2.00000000    
         771  -2.00000000    
         772  -2.00000000    
         773  -2.00000000    
         774  -2.00000000    
         775  -2.00000000    
         776  -2.00000000    
         777  -2.00000000    
         778  -2.00000000    
         779  -2.00000000    
         780  -2.00000000    
         781  -2.00000000    
         782  -2.00000000    
         783  -2.00000000    
         784  -2.00000000    
         785  -2.00000000    
         786  -2.00000000    
         787  -2.00000000    
         788  -2.00000000    
         789  -2.00000000    
         790  -2.00000000    
         791  -2.00000000    
         792  -2.00000000    
         793  -2.00000000    
         794  -2.00000000    
         795  -2.00000000    
         796  -2.00000000    
         797  -2.00000000    
         798  -2.00000000    
         799  -2.00000000    
         800  -2.00000000    
         801  -2.00000000    
         802  -2.00000000    
         803  -2.00000000    
         804  -2.00000000    
         805  -2.00000000    
         806  -2.00000000    
         807  -2.00000000    
         808  -2.00000000    
         809  -2.00000000    
         810  -2.00000000    
         811  -2.00000000    
         812  -2.00000000    
         813  -2.00000000    
         814  -2.00000000    
         815  -2.00000000    
         816  -2.00000000    
         817  -2.00000000    
         818  -2.00000000    
         819  -2.00000000    
         820  -2.00000000    
         821  -2.00000000    
         822  -2.00000000    
         823  -2.00000000    
         824  -2.00000000    
         825  -2.00000000    
         826  -2.00000000    
         827  -2.00000000    
         828  -2.00000000    
         829  -2.00000000    
         830  -2.00000000    
         831  -2.00000000    
         832  -2.00000000    
         833  -2.00000000    
         834  -2.00000000    
         835  -2.00000000    
         836  -2.00000000    
         837  -2.00000000    
         838  -2.00000000    
         839  -2.00000000    
         840  -2.00000000    
         841  -2.00000000    
         842  -2.00000000    
         843  -2.00000000    
         844  -2.00000000    
         845  -2.00000000    
         846  -2.00000000    
         847  -2.00000000    
         848  -2.00000000    
         849  -2.00000000    
         850  -2.00000000    
         851  -2.00000000    
         852  -2.00000000    
         853  -2.00000000    
         854  -2.00000000    
         855  -2.00000000    
         856  -2.00000000    
         857  -2.00000000    
         858  -2.00000000    
         859  -2.00000000    
         860  -2.00000000    
         861  -2.00000000    
         862  -2.00000000    
         863  -2.00000000    
         864  -2.00000000    
         865  -2.00000000    
         866  -2.00000000    
         867  -2.00000000    
         868  -2.00000000    
         869  -2.00000000    
         870  -2.00000000    
         871  -2.00000000    
         872  -2.00000000    
         873  -2.00000000    
         874  -2.00000000    
         875  -2.00000000    
         876  -2.00000000    
         877  -2.00000000    
         878  -2.00000000    
         879  -2.00000000    
         880  -2.00000000    
         881  -2.00000000    
         882  -2.00000000    
         883  -2.00000000    
         884  -2.00000000    
         885  -2.00000000    
         886  -2.00000000    
         887  -2.00000000    
         888  -2.00000000    
         889  -2.00000000    
         890  -2.00000000    
         891  -2.00000000    
         892  -2.00000000    
         893  -2.00000000    
         894  -2.00000000    
         895  -2.00000000    
         896  -2.00000000    
         897  -2.00000000    
         898  -2.00000000    
         899  -2.00000000    
         900  -2.00000000    
         901  -2.00000000    
         902  -2.00000000    
         903  -2.00000000    
         904  -2.00000000    
         905  -2.00000000    
         906  -2.00000000    
         907  -2.00000000    
         908  -2.00000000    
         909  -2.00000000    
         910  -2.00000000    
         911  -2.00000000    
         912  -2.00000000    
         913  -2.00000000    
         914  -2.00000000    
         915  -2.00000000    
         916  -2.00000000    
         917  -2.00000000    
         918  -2.00000000    
         919  -2.00000000    
         920  -2.00000000    
         921  -2.00000000    
         922  -2.00000000    
         923  -2.00000000    
         924  -2.00000000    
         925  -2.00000000    
         926  -2.00000000    
         927  -2.00000000    
         928  -2.00000000    
         929  -2.00000000    
         930  -2.00000000    
         931  -2.00000000    
         932  -2.00000000    
         933  -2.00000000    
         934  -2.00000000    
         935  -2.00000000    
         936  -2.00000000    
         937  -2.00000000    
         938  -2.00000000    
         939  -2.00000000    
         940  -2.00000000    
         941  -2.00000000    
         942  -2.00000000    
         943  -2.00000000    
         944  -2.00000000    
         945  -2.00000000    
         946  -2.00000000    
         947  -2.00000000    
         948  -2.00000000    
         949  -2.00000000    
         950  -2.00000000    
         951  -2.00000000    
         952  -2.00000000    
         953  -2.00000000    
         954  -2.00000000    
         955  -2.00000000    
         956  -2.00000000    
         957  -2.00000000    
         958  -2.00000000    
         959  -2.00000000    
         960  -2.00000000    
         961  -2.00000000    
         962  -2.00000000    
         963  -2.00000000    
         964  -2.00000000    
         965  -2.00000000    
         966  -2.00000000    
         967  -2.00000000    
         968  -2.00000000    
         969  -2.00000000    
         970  -2.00000000    
         971  -2.00000000    
         972  -2.00000000    
         973  -2.00000000    
         974  -2.00000000    
         975  -2.00000000    
         976  -2.00000000    
         977  -2.00000000    
         978  -2.00000000    
         979  -2.00000000    
         980  -2.00000000    
         981  -2.00000000    
         982  -2.00000000    
         983  -2.00000000    
         984  -2.00000000    
         985  -2.00000000    
         986  -2.00000000    
         987  -2.00000000    
         988  -2.00000000    
         989  -2.00000000    
         990  -2.00000000    
         991  -2.00000000    
         992  -2.00000000    
         993  -2.00000000    
         994  -2.00000000    
         995  -2.00000000    
         996  -2.00000000    
         997  -2.00000000    
         998  -2.00000000    
         999  -2.00000000    
        1000  -2.00000000    
        1001  -2.00000000    
        1002  -2.00000000    
        1003  -2.00000000    
        1004  -2.00000000    
        1005  -2.00000000    
        1006  -2.00000000    
        1007  -2.00000000    
        1008  -2.00000000    
        1009  -2.00000000    
        1010  -2.00000000    
        1011  -2.00000000    
        1012  -2.00000000    
        1013  -2.00000000    
        1014  -2.00000000    
        1015  -2.00000000    
        1016  -2.00000000    
        1017  -2.00000000    
        1018  -2.00000000    
        1019  -2.00000000    
        1020  -2.00000000    
        1021  -2.00000000    
        1022  -2.00000000    
        1023  -2.00000000    
        1024  -2.00000000    
        1025  -2.00000000    
        1026  -2.00000000    
        1027  -2.00000000    
        1028  -2.00000000    
        1029  -2.00000000    
        1030  -2.00000000    
        1031  -2.00000000    
        1032  -2.00000000    
        1033  -2.00000000    
        1034  -2.00000000    
        1035  -2.00000000    
        1036  -2.00000000    
        1037  -2.00000000    
        1038  -2.00000000    
        1039  -2.00000000    
        1040  -2.00000000    
        1041  -2.00000000    
        1042  -2.00000000    
        1043  -2.00000000    
        1044  -2.00000000    
        1045  -2.00000000    
        1046  -2.00000000    
        1047  -2.00000000    
        1048  -2.00000000    
        1049  -2.00000000    
        1050  -2.00000000    
        1051  -2.00000000    
        1052  -2.00000000    
        1053  -2.00000000    
        1054  -2.00000000    
        1055  -2.00000000    
        1056  -2.00000000    
        1057  -2.00000000    
        1058  -2.00000000    
        1059  -2.00000000    
        1060  -2.00000000    
        1061  -2.00000000    
        1062  -2.00000000    
        1063  -2.00000000    
        1064  -2.00000000    
        1065  -2.00000000    
        1066  -2.00000000    
        1067  -2.00000000    
        1068  -2.00000000    
        1069  -2.00000000    
        1070  -2.00000000    
        1071  -2.00000000    
        1072  -2.00000000    
        1073  -2.00000000    
        1074  -2.00000000    
        1075  -2.00000000    
        1076  -2.00000000    
        1077  -2.00000000    
        1078  -2.00000000    
        1079  -2.00000000    
        1080  -2.00000000    
        1081  -2.00000000    
        1082  -2.00000000    
        1083  -2.00000000    
        1084  -2.00000000    
        1085  -2.00000000    
        1086  -2.00000000    
        1087  -2.00000000    
        1088  -2.00000000    
        1089  -2.00000000    
        1090  -2.00000000    
        1091  -2.00000000    
        1092  -2.00000000    
        1093  -2.00000000    
        1094  -2.00000000    
        1095  -2.00000000    
        1096  -2.00000000    
        1097  -2.00000000    
        1098  -2.00000000    
        1099  -2.00000000    
        1100  -2.00000000    
        1101  -2.00000000    
        1102  -2.00000000    
        1103  -2.00000000    
        1104  -2.00000000    
        1105  -2.00000000    
        1106  -2.00000000    
        1107  -2.00000000    
        1108  -2.00000000    
        1109  -2.00000000    
        1110  -2.00000000    
        1111  -2.00000000    
        1112  -2.00000000    
        1113  -2.00000000    
        1114  -2.00000000    
        1115  -2.00000000    
        1116  -2.00000000    
        1117  -2.00000000    
        1118  -2.00000000    
        1119  -2.00000000    
        1120  -2.00000000    
        1121  -2.00000000    
        1122  -2.00000000    
        1123  -2.00000000    
        1124  -2.00000000    
        1125  -2.00000000    
        1126  -2.00000000    
        1127  -2.00000000    
        1128  -2.00000000    
        1129  -2.00000000    
        1130  -2.00000000    
        1131  -2.00000000    
        1132  -2.00000000    
        1133  -2.00000000    
        1134  -2.00000000    
        1135  -2.00000000    
        1136  -2.00000000    
        1137  -2.00000000    
        1138  -2.00000000    
        1139  -2.00000000    
        1140  -2.00000000    
        1141  -2.00000000    
        1142  -2.00000000    
        1143  -2.00000000    
        1144  -2.00000000    
        1145  -2.00000000    
        1146  -2.00000000    
        1147  -2.00000000    
        1148  -2.00000000    
        1149  -2.00000000    
        1150  -2.00000000    
        1151  -2.00000000    
        1152  -2.00000000    
        1153  -2.00000000    
        1154  -2.00000000    
        1155  -2.00000000    
        1156  -2.00000000    
        1157  -2.00000000    
        1158  -2.00000000    
        1159  -2.00000000    
        1160  -2.00000000    
        1161  -2.00000000    
        1162  -2.00000000    
        1163  -2.00000000    
        1164  -2.00000000    
        1165  -2.00000000    
        1166  -2.00000000    
        1167  -2.00000000    
        1168  -2.00000000    
        1169  -2.00000000    
        1170  -2.00000000    
        1171  -2.00000000    
        1172  -2.00000000    
        1173  -2.00000000    
        1174  -2.00000000    
        1175  -2.00000000    
        1176  -2.00000000    
        1177  -2.00000000    
        1178  -2.00000000    
        1179  -2.00000000    
        1180  -2.00000000    
        1181  -2.00000000    
        1182  -2.00000000    
        1183  -2.00000000    
        1184  -2.00000000    
        1185  -2.00000000    
        1186  -2.00000000    
        1187  -2.00000000    
        1188  -2.00000000    
        1189  -2.00000000    
        1190  -2.00000000    
        1191  -2.00000000    
        1192  -2.00000000    
        1193  -2.00000000    
        1194  -2.00000000    
        1195  -2.00000000    
        1196  -2.00000000    
        1197  -2.00000000    
        1198  -2.00000000    
        1199  -2.00000000    
        1200  -2.00000000    
        1201  -2.00000000    
        1202  -2.00000000    
        1203  -2.00000000    
        1204  -2.00000000    
        1205  -2.00000000    
        1206  -2.00000000    
        1207  -2.00000000    
        1208  -2.00000000    
        1209  -2.00000000    
        1210  -2.00000000    
        1211  -2.00000000    
        1212  -2.00000000    
        1213  -2.00000000    
        1214  -2.00000000    
        1215  -2.00000000    
        1216  -2.00000000    
        1217  -2.00000000    
        1218  -2.00000000    
        1219  -2.00000000    
        1220  -2.00000000    
        1221  -2.00000000    
        1222  -2.00000000    
        1223  -2.00000000    
        1224  -2.00000000    
        1225  -2.00000000    
        1226  -2.00000000    
        1227  -2.00000000    
        1228  -2.00000000    
        1229  -2.00000000    
        1230  -2.00000000    
        1231  -2.00000000    
        1232  -2.00000000    
        1233  -2.00000000    
        1234  -2.00000000    
        1235  -2.00000000    
        1236  -2.00000000    
        1237  -2.00000000    
        1238  -2.00000000    
        1239  -2.00000000    
        1240  -2.00000000    
        1241  -2.00000000    
        1242  -2.00000000    
        1243  -2.00000000    
        1244  -2.00000000    
        1245  -2.00000000    
        1246  -2.00000000    
        1247  -2.00000000    
        1248  -2.00000000    
        1249  -2.00000000    
        1250  -2.00000000    
        1251  -2.00000000    
        1252  -2.00000000    
        1253  -2.00000000    
        1254  -2.00000000    
        1255  -2.00000000    
        1256  -2.00000000    
        1257  -2.00000000    
        1258  -2.00000000    
        1259  -2.00000000    
        1260  -2.00000000    
        1261  -2.00000000    
        1262  -2.00000000    
        1263  -2.00000000    
        1264  -2.00000000    
        1265  -2.00000000    
        1266  -2.00000000    
        1267  -2.00000000    
        1268  -2.00000000    
        1269  -2.00000000    
        1270  -2.00000000    
        1271  -2.00000000    
        1272  -2.00000000    
        1273  -2.00000000    
        1274  -2.00000000    
        1275  -2.00000000    
        1276  -2.00000000    
        1277  -2.00000000    
        1278  -2.00000000    
        1279  -2.00000000    
        1280  -2.00000000    
        1281  -2.00000000    
        1282  -2.00000000    
        1283  -2.00000000    
        1284  -2.00000000    
        1285  -2.00000000    
        1286  -2.00000000    
        1287  -2.00000000    
        1288  -2.00000000    
        1289  -2.00000000    
        1290  -2.00000000    
        1291  -2.00000000    
        1292  -2.00000000    
        1293  -2.00000000    
        1294  -2.00000000    
        1295  -2.00000000    
        1296  -2.00000000    
        1297  -2.00000000    
        1298  -2.00000000    
        1299  -2.00000000    
        1300  -2.00000000    
        1301  -2.00000000    
        1302  -2.00000000    
        1303  -2.00000000    
        1304  -2.00000000    
        1305  -2.00000000    
        1306  -2.00000000    
        1307  -2.00000000    
        1308  -2.00000000    
        1309  -2.00000000    
        1310  -2.00000000    
        1311  -2.00000000    
        1312  -2.00000000    
        1313  -2.00000000    
        1314  -2.00000000    
        1315  -2.00000000    
        1316  -2.00000000    
        1317  -2.00000000    
        1318  -2.00000000    
        1319  -2.00000000    
        1320  -2.00000000    
        1321  -2.00000000    
        1322  -2.00000000    
        1323  -2.00000000    
        1324  -2.00000000    
        1325  -2.00000000    
        1326  -2.00000000    
        1327  -2.00000000    
        1328  -2.00000000    
        1329  -2.00000000    
        1330  -2.00000000    
        1331  -2.00000000    
        1332  -2.00000000    
        1333  -2.00000000    
        1334  -2.00000000    
        1335  -2.00000000    
        1336  -2.00000000    
        1337  -2.00000000    
        1338  -2.00000000    
        1339  -2.00000000    
        1340  -2.00000000    
        1341  -2.00000000    
        1342  -2.00000000    
        1343  -2.00000000    
        1344  -2.00000000    
        1345  -2.00000000    
        1346  -2.00000000    
        1347  -2.00000000    
        1348  -2.00000000    
        1349  -2.00000000    
        1350  -2.00000000    
        1351  -2.00000000    
        1352  -2.00000000    
        1353  -2.00000000    
        1354  -2.00000000    
        1355  -2.00000000    
        1356  -2.00000000    
        1357  -2.00000000    
        1358  -2.00000000    
        1359  -2.00000000    
        1360  -2.00000000    
        1361  -2.00000000    
        1362  -2.00000000    
        1363  -2.00000000    
        1364  -2.00000000    
        1365  -2.00000000    
        1366  -2.00000000    
        1367  -2.00000000    
        1368  -2.00000000    
        1369  -2.00000000    
        1370  -2.00000000    
        1371  -2.00000000    
        1372  -2.00000000    
        1373  -2.00000000    
        1374  -2.00000000    
        1375  -2.00000000    
        1376  -2.00000000    
        1377  -2.00000000    
        1378  -2.00000000    
        1379  -2.00000000    
        1380  -2.00000000    
        1381  -2.00000000    
        1382  -2.00000000    
        1383  -2.00000000    
        1384  -2.00000000    
        1385  -2.00000000    
        1386  -2.00000000    
        1387  -2.00000000    
        1388  -2.00000000    
        1389  -2.00000000    
        1390  -2.00000000    
        1391  -2.00000000    
        1392  -2.00000000    
        1393  -2.00000000    
        1394  -2.00000000    
        1395  -2.00000000    
        1396  -2.00000000    
        1397  -2.00000000    
        1398  -2.00000000    
        1399  -2.00000000    
        1400  -2.00000000    
        1401  -2.00000000    
        1402  -2.00000000    
        1403  -2.00000000    
        1404  -2.00000000    
        1405  -2.00000000    
        1406  -2.00000000    
        1407  -2.00000000    
        1408  -2.00000000    
        1409  -2.00000000    
        1410  -2.00000000    
        1411  -2.00000000    
        1412  -2.00000000    
        1413  -2.00000000    
        1414  -2.00000000    
        1415  -2.00000000    
        1416  -2.00000000    
        1417  -2.00000000    
        1418  -2.00000000    
        1419  -2.00000000    
        1420  -2.00000000    
        1421  -2.00000000    
        1422  -2.00000000    
        1423  -2.00000000    
        1424  -2.00000000    
        1425  -2.00000000    
        1426  -2.00000000    
        1427  -2.00000000    
        1428  -2.00000000    
        1429  -2.00000000    
        1430  -2.00000000    
        1431  -2.00000000    
        1432  -2.00000000    
        1433  -2.00000000    
        1434  -2.00000000    
        1435  -2.00000000    
        1436  -2.00000000    
        1437  -2.00000000    
        1438  -2.00000000    
        1439  -2.00000000    
        1440  -2.00000000    
        1441  -2.00000000    
        1442  -2.00000000    
        1443  -2.00000000    
        1444  -2.00000000    
        1445  -2.00000000    
        1446  -2.00000000    
        1447  -2.00000000    
        1448  -2.00000000    
        1449  -2.00000000    
        1450  -2.00000000    
        1451  -2.00000000    
        1452  -2.00000000    
        1453  -2.00000000    
        1454  -2.00000000    
        1455  -2.00000000    
        1456  -2.00000000    
        1457  -2.00000000    
        1458  -2.00000000    
        1459  -2.00000000    
        1460  -2.00000000    
        1461  -2.00000000    
        1462  -2.00000000    
        1463  -2.00000000    
        1464  -2.00000000    
        1465  -2.00000000    
        1466  -2.00000000    
        1467  -2.00000000    
        1468  -2.00000000    
        1469  -2.00000000    
        1470  -2.00000000    
        1471  -2.00000000    
        1472  -2.00000000    
        1473  -2.00000000    
        1474  -2.00000000    
        1475  -2.00000000    
        1476  -2.00000000    
        1477  -2.00000000    
        1478  -2.00000000    
        1479  -2.00000000    
        1480  -2.00000000    
        1481  -2.00000000    
        1482  -2.00000000    
        1483  -2.00000000    
        1484  -2.00000000    
        1485  -2.00000000    
        1486  -2.00000000    
        1487  -2.00000000    
        1488  -2.00000000    
        1489  -2.00000000    
        1490  -2.00000000    
        1491  -2.00000000    
        1492  -2.00000000    
        1493  -2.00000000    
        1494  -2.00000000    
        1495  -2.00000000    
        1496  -2.00000000    
        1497  -2.00000000    
        1498  -2.00000000    
        1499  -2.00000000    
        1500  -2.00000000    
        1501  -2.00000000    
        1502  -2.00000000    
        1503  -2.00000000    
        1504  -2.00000000    
        1505  -2.00000000    
        1506  -2.00000000    
        1507  -2.00000000    
        1508  -2.00000000    
        1509  -2.00000000    
        1510  -2.00000000    
        1511  -2.00000000    
        1512  -2.00000000    
        1513  -2.00000000    
        1514  -2.00000000    
        1515  -2.00000000    
        1516  -2.00000000    
        1517  -2.00000000    
        1518  -2.00000000    
        1519  -2.00000000    
        1520  -2.00000000    
        1521  -2.00000000    
        1522  -2.00000000    
        1523  -2.00000000    
        1524  -2.00000000    
        1525  -2.00000000    
        1526  -2.00000000    
        1527  -2.00000000    
        1528  -2.00000000    
        1529  -2.00000000    
        1530  -2.00000000    
        1531  -2.00000000    
        1532  -2.00000000    
        1533  -2.00000000    
        1534  -2.00000000    
        1535  -2.00000000    
        1536  -2.00000000    
        1537  -2.00000000    
        1538  -2.00000000    
        1539  -2.00000000    
        1540  -2.00000000    
        1541  -2.00000000    
        1542  -2.00000000    
        1543  -2.00000000    
        1544  -2.00000000    
        1545  -2.00000000    
        1546  -2.00000000    
        1547  -2.00000000    
        1548  -2.00000000    
        1549  -2.00000000    
        1550  -2.00000000    
        1551  -2.00000000    
        1552  -2.00000000    
        1553  -2.00000000    
        1554  -2.00000000    
        1555  -2.00000000    
        1556  -2.00000000    
        1557  -2.00000000    
        1558  -2.00000000    
        1559  -2.00000000    
        1560  -2.00000000    
        1561  -2.00000000    
        1562  -2.00000000    
        1563  -2.00000000    
        1564  -2.00000000    
        1565  -2.00000000    
        1566  -2.00000000    
        1567  -2.00000000    
        1568  -2.00000000    
        1569  -2.00000000    
        1570  -2.00000000    
        1571  -2.00000000    
        1572  -2.00000000    
        1573  -2.00000000    
        1574  -2.00000000    
        1575  -2.00000000    
        1576  -2.00000000    
        1577  -2.00000000    
        1578  -2.00000000    
        1579  -2.00000000    
        1580  -2.00000000    
        1581  -2.00000000    
        1582  -2.00000000    
        1583  -2.00000000    
        1584  -2.00000000    
        1585  -2.00000000    
        1586  -2.00000000    
        1587  -2.00000000    
        1588  -2.00000000    
        1589  -2.00000000    
        1590  -2.00000000    
        1591  -2.00000000    
        1592  -2.00000000    
        1593  -2.00000000    
        1594  -2.00000000    
        1595  -2.00000000    
        1596  -2.00000000    
        1597  -2.00000000    
        1598  -2.00000000    
        1599  -2.00000000    
        1600  -2.00000000    
        1601  -2.00000000    
        1602  -2.00000000    
        1603  -2.00000000    
        1604  -2.00000000    
        1605  -2.00000000    
        1606  -2.00000000    
        1607  -2.00000000    
        1608  -2.00000000    
        1609  -2.00000000    
        1610  -2.00000000    
        1611  -2.00000000    
        1612  -2.00000000    
        1613  -2.00000000    
        1614  -2.00000000    
        1615  -2.00000000    
        1616  -2.00000000    
        1617  -2.00000000    
        1618  -2.00000000    
        1619  -2.00000000    
        1620  -2.00000000    
        1621  -2.00000000    
        1622  -2.00000000    
        1623  -2.00000000    
        1624  -2.00000000    
        1625  -2.00000000    
        1626  -2.00000000    
        1627  -2.00000000    
        1628  -2.00000000    
        1629  -2.00000000    
        1630  -2.00000000    
        1631  -2.00000000    
        1632  -2.00000000    
        1633  -2.00000000    
        1634  -2.00000000    
        1635  -2.00000000    
        1636  -2.00000000    
        1637  -2.00000000    
        1638  -2.00000000    
        1639  -2.00000000    
        1640  -2.00000000    
        1641  -2.00000000    
        1642  -2.00000000    
        1643  -2.00000000    
        1644  -2.00000000    
        1645  -2.00000000    
        1646  -2.00000000    
        1647  -2.00000000    
        1648  -2.00000000    
        1649  -2.00000000    
        1650  -2.00000000    
        1651  -2.00000000    
        1652  -2.00000000    
        1653  -2.00000000    
        1654  -2.00000000    
        1655  -2.00000000    
        1656  -2.00000000    
        1657  -2.00000000    
        1658  -2.00000000    
        1659  -2.00000000    
        1660  -2.00000000    
        1661  -2.00000000    
        1662  -2.00000000    
        1663  -2.00000000    
        1664  -2.00000000    
        1665  -2.00000000    
        1666  -2.00000000    
        1667  -2.00000000    
        1668  -2.00000000    
        1669  -2.00000000    
        1670  -2.00000000    
        1671  -2.00000000    
        1672  -2.00000000    
        1673  -2.00000000    
        1674  -2.00000000    
        1675  -2.00000000    
        1676  -2.00000000    
        1677  -2.00000000    
        1678  -2.00000000    
        1679  -2.00000000    
        1680  -2.00000000    
        1681  -2.00000000    
        1682  -2.00000000    
        1683  -2.00000000    
        1684  -2.00000000    
        1685  -2.00000000    
        1686  -2.00000000    
        1687  -2.00000000    
        1688  -2.00000000    
        1689  -2.00000000    
        1690  -2.00000000    
        1691  -2.00000000    
        1692  -2.00000000    
        1693  -2.00000000    
        1694  -2.00000000    
        1695  -2.00000000    
        1696  -2.00000000    
        1697  -2.00000000    
        1698  -2.00000000    
        1699  -2.00000000    
        1700  -2.00000000    
        1701  -2.00000000    
        1702  -2.00000000    
        1703  -2.00000000    
        1704  -2.00000000    
        1705  -2.00000000    
        1706  -2.00000000    
        1707  -2.00000000    
        1708  -2.00000000    
        1709  -2.00000000    
        1710  -2.00000000    
        1711  -2.00000000    
        1712  -2.00000000    
        1713  -2.00000000    
        1714  -2.00000000    
        1715  -2.00000000    
        1716  -2.00000000    
        1717  -2.00000000    
        1718  -2.00000000    
        1719  -2.00000000    
        1720  -2.00000000    
        1721  -2.00000000    
        1722  -2.00000000    
        1723  -2.00000000    
        1724  -2.00000000    
        1725  -2.00000000    
        1726  -2.00000000    
        1727  -2.00000000    
        1728  -2.00000000    
        1729  -2.00000000    
        1730  -2.00000000    
        1731  -2.00000000    
        1732  -2.00000000    
        1733  -2.00000000    
        1734  -2.00000000    
        1735  -2.00000000    
        1736  -2.00000000    
        1737  -2.00000000    
        1738  -2.00000000    
        1739  -2.00000000    
        1740  -2.00000000    
        1741  -2.00000000    
        1742  -2.00000000    
        1743  -2.00000000    
        1744  -2.00000000    
        1745  -2.00000000    
        1746  -2.00000000    
        1747  -2.00000000    
        1748  -2.00000000    
        1749  -2.00000000    
        1750  -2.00000000    
        1751  -2.00000000    
        1752  -2.00000000    
        1753  -2.00000000    
        1754  -2.00000000    
        1755  -2.00000000    
        1756  -2.00000000    
        1757  -2.00000000    
        1758  -2.00000000    
        1759  -2.00000000    
        1760  -2.00000000    
        1761  -2.00000000    
        1762  -2.00000000    
        1763  -2.00000000    
        1764  -2.00000000    
        1765  -2.00000000    
        1766  -2.00000000    
        1767  -2.00000000    
        1768  -2.00000000    
        1769  -2.00000000    
        1770  -2.00000000    
        1771  -2.00000000    
        1772  -2.00000000    
        1773  -2.00000000    
        1774  -2.00000000    
        1775  -2.00000000    
        1776  -2.00000000    
        1777  -2.00000000    
        1778  -2.00000000    
        1779  -2.00000000    
        1780  -2.00000000    
        1781  -2.00000000    
        1782  -2.00000000    
        1783  -2.00000000    
        1784  -2.00000000    
        1785  -2.00000000    
        1786  -2.00000000    
        1787  -2.00000000    
        1788  -2.00000000    
        1789  -2.00000000    
        1790  -2.00000000    
        1791  -2.00000000    
        1792  -2.00000000    
        1793  -2.00000000    
        1794  -2.00000000    
        1795  -2.00000000    
        1796  -2.00000000    
        1797  -2.00000000    
        1798  -2.00000000    
        1799  -2.00000000    
        1800  -2.00000000    
        1801  -2.00000000    
        1802  -2.00000000    
        1803  -2.00000000    
        1804  -2.00000000    
        1805  -2.00000000    
        1806  -2.00000000    
        1807  -2.00000000    
        1808  -2.00000000    
        1809  -2.00000000    
        1810  -2.00000000    
        1811  -2.00000000    
        1812  -2.00000000    
        1813  -2.00000000    
        1814  -2.00000000    
        1815  -2.00000000    
        1816  -2.00000000    
        1817  -2.00000000    
        1818  -2.00000000    
        1819  -2.00000000    
        1820  -2.00000000    
        1821  -2.00000000    
        1822  -2.00000000    
        1823  -2.00000000    
        1824  -2.00000000    
        1825  -2.00000000    
        1826  -2.00000000    
        1827  -2.00000000    
        1828  -2.00000000    
        1829  -2.00000000    
        1830  -2.00000000    
        1831  -2.00000000    
        1832  -2.00000000    
        1833  -2.00000000    
        1834  -2.00000000    
        1835  -2.00000000    
        1836  -2.00000000    
        1837  -2.00000000    
        1838  -2.00000000    
        1839  -2.00000000    
        1840  -2.00000000    
        1841  -2.00000000    
        1842  -2.00000000    
        1843  -2.00000000    
        1844  -2.00000000    
        1845  -2.00000000    
        1846  -2.00000000    
        1847  -2.00000000    
        1848  -2.00000000    
        1849  -2.00000000    
        1850  -2.00000000    
        1851  -2.00000000    
        1852  -2.00000000    
        1853  -2.00000000    
        1854  -2.00000000    
        1855  -2.00000000    
        1856  -2.00000000    
        1857  -2.00000000    
        1858  -2.00000000    
        1859  -2.00000000    
        1860  -2.00000000    
        1861  -2.00000000    
        1862  -2.00000000    
        1863  -2.00000000    
        1864  -2.00000000    
        1865  -2.00000000    
        1866  -2.00000000    
        1867  -2.00000000    
        1868  -2.00000000    
        1869  -2.00000000    
        1870  -2.00000000    
        1871  -2.00000000    
        1872  -2.00000000    
        1873  -2.00000000    
        1874  -2.00000000    
        1875  -2.00000000    
        1876  -2.00000000    
        1877  -2.00000000    
        1878  -2.00000000    
        1879  -2.00000000    
        1880  -2.00000000    
        1881  -2.00000000    
        1882  -2.00000000    
        1883  -2.00000000    
        1884  -2.00000000    
        1885  -2.00000000    
        1886  -2.00000000    
        1887  -2.00000000    
        1888  -2.00000000    
        1889  -2.00000000    
        1890  -2.00000000    
        1891  -2.00000000    
        1892  -2.00000000    
        1893  -2.00000000    
        1894  -2.00000000    
        1895  -2.00000000    
        1896  -2.00000000    
        1897  -2.00000000    
        1898  -2.00000000    
        1899  -2.00000000    
        1900  -2.00000000    
        1901  -2.00000000    
        1902  -2.00000000    
        1903  -2.00000000    
        1904  -2.00000000    
        1905  -2.00000000    
        1906  -2.00000000    
        1907  -2.00000000    
        1908  -2.00000000    
        1909  -2.00000000    
        1910  -2.00000000    
        1911  -2.00000000    
        1912  -2.00000000    
        1913  -2.00000000    
        1914  -2.00000000    
        1915  -2.00000000    
        1916  -2.00000000    
        1917  -2.00000000    
        1918  -2.00000000    
        1919  -2.00000000    
        1920  -2.00000000    
        1921  -2.00000000    
        1922  -2.00000000    
        1923  -2.00000000    
        1924  -2.00000000    
        1925  -2.00000000    
        1926  -2.00000000    
        1927  -2.00000000    
        1928  -2.00000000    
        1929  -2.00000000    
        1930  -2.00000000    
        1931  -2.00000000    
        1932  -2.00000000    
        1933  -2.00000000    
        1934  -2.00000000    
        1935  -2.00000000    
        1936  -2.00000000    
        1937  -2.00000000    
        1938  -2.00000000    
        1939  -2.00000000    
        1940  -2.00000000    
        1941  -2.00000000    
        1942  -2.00000000    
        1943  -2.00000000    
        1944  -2.00000000    
        1945  -2.00000000    
        1946  -2.00000000    
        1947  -2.00000000    
        1948  -2.00000000    
        1949  -2.00000000    
        1950  -1.99919999    
        1951  -2.00000000    
        1952  -2.00000000    
        1953  -2.00000000    
        1954  -2.00000000    
        1955  -2.00000000    
        1956  -2.00000000    
        1957  -2.00000000    
        1958  -2.00000000    
        1959  -2.00000000    
        1960  -2.00000000    
        1961  -2.00000000    
        1962  -2.00000000    
        1963  -2.00000000    
        1964  -2.00000000    
        1965  -2.00000000    
        1966  -2.00000000    
        1967  -2.00000000    
        1968  -2.00000000    
        1969  -2.00000000    
        1970  -2.00000000    
        1971  -2.00000000    
        1972  -2.00000000    
        1973  -2.00000000    
        1974  -2.00000000    
        1975  -2.00000000    
        1976  -2.00000000    
        1977  -2.00000000    
        1978  -2.00000000    
        1979  -2.00000000    
        1980  -2.00000000    
        1981  -2.00000000    
        1982  -2.00000000    
        1983  -2.00000000    
        1984  -2.00000000    
        1985  -2.00000000    
        1986  -2.00000000    
        1987  -2.00000000    
        1988  -2.00000000    
        1989  -2.00000000    
        1990  -2.00000000    
        1991  -2.00000000    
        1992  -2.00000000    
        1993  -2.00000000    
        1994  -2.00000000    
        1995  -2.00000000    
        1996  -2.00000000    
        1997  -2.00000000    
        1998  -2.00000000    
        1999  -2.00000000    
        2000  -2.00000000    
        2001  -2.00000000    
        2002  -2.00000000    
        2003  -2.00000000    
        2004  -2.00000000    
        2005  -2.00000000    
        2006  -2.00000000    
        2007  -2.00000000    
        2008  -2.00000000    
        2009  -2.00000000    
        2010  -2.00000000    
        2011  -2.00000000    
        2012  -2.00000000    
        2013  -2.00000000    
        2014  -2.00000000    
        2015  -2.00000000    
        2016  -2.00000000    
        2017  -2.00000000    
        2018  -2.00000000    
        2019  -2.00000000    
        2020  -2.00000000    
        2021  -2.00000000    
        2022  -2.00000000    
        2023  -2.00000000    
        2024  -2.00000000    
        2025  -2.00000000    
        2026  -2.00000000    
        2027  -2.00000000    
        2028  -2.00000000    
        2029  -2.00000000    
        2030  -2.00000000    
        2031  -2.00000000    
        2032  -2.00000000    
        2033  -2.00000000    
        2034  -2.00000000    
        2035  -2.00000000    
        2036  -2.00000000    
        2037  -2.00000000    
        2038  -2.00000000    
        2039  -2.00000000    
        2040  -2.00000000    
        2041  -2.00000000    
        2042  -2.00000000    
        2043  -2.00000000    
        2044  -2.00000000    
        2045  -2.00000000    
        2046  -2.00000000    
        2047  -2.00000000    
        2048  -2.00000000    
        2049  -2.00000000    
        2050  -2.00000000    
        2051  -2.00000000    
        2052  -2.00000000    
        2053  -2.00000000    
        2054  -2.00000000    
        2055  -2.00000000    
        2056  -2.00000000    
        2057  -2.00000000    
        2058  -2.00000000    
        2059  -2.00000000    
        2060  -2.00000000    
        2061  -2.00000000    
        2062  -2.00000000    
        2063  -2.00000000    
        2064  -2.00000000    
        2065  -2.00000000    
        2066  -2.00000000    
        2067  -2.00000000    
        2068  -2.00000000    
        2069  -2.00000000    
        2070  -2.00000000    
        2071  -2.00000000    
        2072  -2.00000000    
        2073  -2.00000000    
        2074  -2.00000000    
        2075  -2.00000000    
        2076  -2.00000000    
        2077  -2.00000000    
        2078  -2.00000000    
        2079  -2.00000000    
        2080  -2.00000000    
        2081  -2.00000000    
        2082  -2.00000000    
        2083  -2.00000000    
        2084  -2.00000000    
        2085  -1.99919999    
        2086  -2.00000000    
        2087  -2.00000000    
        2088  -2.00000000    
        2089  -2.00000000    
        2090  -2.00000000    
        2091  -2.00000000    
        2092  -2.00000000    
        2093  -2.00000000    
        2094  -2.00000000    
        2095  -2.00000000    
        2096  -2.00000000    
        2097  -2.00000000    
        2098  -2.00000000    
        2099  -2.00000000    
        2100  -2.00000000    
        2101  -2.00000000    
        2102  -2.00000000    
        2103  -2.00000000    
        2104  -2.00000000    
        2105  -2.00000000    
        2106  -2.00000000    
        2107  -2.00000000    
        2108  -2.00000000    
        2109  -2.00000000    
        2110  -2.00000000    
        2111  -2.00000000    
        2112  -2.00000000    
        2113  -2.00000000    
        2114  -2.00000000    
        2115  -2.00000000    
        2116  -2.00000000    
        2117  -2.00000000    
        2118  -2.00000000    
        2119  -2.00000000    
        2120  -2.00000000    
        2121  -2.00000000    
        2122  -2.00000000    
        2123  -2.00000000    
        2124  -2.00000000    
        2125  -2.00000000    
        2126  -2.00000000    
        2127  -2.00000000    
        2128  -2.00000000    
        2129  -2.00000000    
        2130  -2.00000000    
        2131  -2.00000000    
        2132  -2.00000000    
        2133  -2.00000000    
        2134  -2.00000000    
        2135  -2.00000000    
        2136  -2.00000000    
        2137  -2.00000000    
        2138  -2.00000000    
        2139  -2.00000000    
        2140  -2.00000000    
        2141  -2.00000000    
        2142  -2.00000000    
        2143  -2.00000000    
        2144  -2.00000000    
        2145  -2.00000000    
        2146  -2.00000000    
        2147  -2.00000000    
        2148  -2.00000000    
        2149  -2.00000000    
        2150  -2.00000000    
        2151  -2.00000000    
        2152  -2.00000000    
        2153  -2.00000000    
        2154  -2.00000000    
        2155  -2.00000000    
        2156  -2.00000000    
        2157  -2.00000000    
        2158  -2.00000000    
        2159  -2.00000000    
        2160  -2.00000000    
        2161  -2.00000000    
        2162  -2.00000000    
        2163  -2.00000000    
        2164  -2.00000000    
        2165  -2.00000000    
        2166  -2.00000000    
        2167  -2.00000000    
        2168  -2.00000000    
        2169  -2.00000000    
        2170  -2.00000000    
        2171  -2.00000000    
        2172  -2.00000000    
        2173  -2.00000000    
        2174  -2.00000000    
        2175  -2.00000000    
        2176  -2.00000000    
        2177  -2.00000000    
        2178  -2.00000000    
        2179  -2.00000000    
        2180  -2.00000000    
        2181  -2.00000000    
        2182  -2.00000000    
        2183  -2.00000000    
        2184  -2.00000000    
        2185  -2.00000000    
        2186  -2.00000000    
        2187  -2.00000000    
        2188  -2.00000000    
        2189  -2.00000000    
        2190  -2.00000000    
        2191  -2.00000000    
        2192  -2.00000000    
        2193  -2.00000000    
        2194  -2.00000000    
        2195  -2.00000000    
        2196  -2.00000000    
        2197  -2.00000000    
        2198  -2.00000000    
        2199  -2.00000000    
        2200  -2.00000000    
        2201  -2.00000000    
        2202  -2.00000000    
        2203  -2.00000000    
        2204  -2.00000000    
        2205  -2.00000000    
        2206  -2.00000000    
        2207  -2.00000000    
        2208  -2.00000000    
        2209  -2.00000000    
        2210  -2.00000000    
        2211  -2.00000000    
        2212  -2.00000000    
        2213  -2.00000000    
        2214  -2.00000000    
        2215  -2.00000000    
        2216  -2.00000000    
        2217  -2.00000000    
        2218  -2.00000000    
        2219  -2.00000000    
        2220  -2.00000000    
        2221  -2.00000000    
        2222  -2.00000000    
        2223  -2.00000000    
        2224  -2.00000000    
        2225  -2.00000000    
        2226  -2.00000000    
        2227  -2.00000000    
        2228  -2.00000000    
        2229  -2.00000000    
        2230  -2.00000000    
        2231  -2.00000000    
        2232  -2.00000000    
        2233  -2.00000000    
        2234  -2.00000000    
        2235  -2.00000000    
        2236  -2.00000000    
        2237  -2.00000000    
        2238  -2.00000000    
        2239  -2.00000000    
        2240  -2.00000000    
        2241  -2.00000000    
        2242  -2.00000000    
        2243  -2.00000000    
        2244  -2.00000000    
        2245  -2.00000000    
        2246  -2.00000000    
        2247  -2.00000000    
        2248  -2.00000000    
        2249  -2.00000000    
        2250  -2.00000000    
        2251  -2.00000000    
        2252  -2.00000000    
        2253  -2.00000000    
        2254  -2.00000000    
        2255  -2.00000000    
        2256  -2.00000000    
        2257  -2.00000000    
        2258  -2.00000000    
        2259  -2.00000000    
        2260  -2.00000000    
        2261  -2.00000000    
        2262  -2.00000000    
        2263  -2.00000000    
        2264  -2.00000000    
        2265  -2.00000000    
        2266  -2.00000000    
        2267  -2.00000000    
        2268  -2.00000000    
        2269  -2.00000000    
        2270  -2.00000000    
        2271  -2.00000000    
        2272  -2.00000000    
        2273  -2.00000000    
        2274  -2.00000000    
        2275  -2.00000000    
        2276  -2.00000000    
        2277  -2.00000000    
        2278  -2.00000000    
        2279  -2.00000000    
        2280  -2.00000000    
        2281  -2.00000000    
        2282  -2.00000000    
        2283  -2.00000000    
        2284  -2.00000000    
        2285  -2.00000000    
        2286  -2.00000000    
        2287  -2.00000000    
        2288  -2.00000000    
        2289  -2.00000000    
        2290  -2.00000000    
        2291  -2.00000000    
        2292  -2.00000000    
        2293  -2.00000000    
        2294  -2.00000000    
        2295  -2.00000000    
        2296  -2.00000000    
        2297  -2.00000000    
        2298  -2.00000000    
        2299  -2.00000000    
        2300  -2.00000000    
        2301  -2.00000000    
        2302  -2.00000000    
        2303  -2.00000000    
        2304  -2.00000000    
        2305  -2.00000000    
        2306  -2.00000000    
        2307  -2.00000000    
        2308  -2.00000000    
        2309  -2.00000000    
        2310  -2.00000000    
        2311  -2.00000000    
        2312  -2.00000000    
        2313  -2.00000000    
        2314  -2.00000000    
        2315  -2.00000000    
        2316  -2.00000000    
        2317  -2.00000000    
        2318  -2.00000000    
        2319  -2.00000000    
        2320  -2.00000000    
        2321  -2.00000000    
        2322  -2.00000000    
        2323  -2.00000000    
        2324  -2.00000000    
        2325  -2.00000000    
        2326  -2.00000000    
        2327  -2.00000000    
        2328  -2.00000000    
        2329  -2.00000000    
        2330  -2.00000000    
        2331  -2.00000000    
        2332  -2.00000000    
        2333  -2.00000000    
        2334  -2.00000000    
        2335  -2.00000000    
        2336  -2.00000000    
        2337  -2.00000000    
        2338  -2.00000000    
        2339  -2.00000000    
        2340  -2.00000000    
        2341  -2.00000000    
        2342  -2.00000000    
        2343  -2.00000000    
        2344  -2.00000000    
        2345  -2.00000000    
        2346  -2.00000000    
        2347  -2.00000000    
        2348  -2.00000000    
        2349  -2.00000000    
        2350  -2.00000000    
        2351  -2.00000000    
        2352  -2.00000000    
        2353  -2.00000000    
        2354  -2.00000000    
        2355  -2.00000000    
        2356  -2.00000000    
        2357  -2.00000000    
        2358  -2.00000000    
        2359  -2.00000000    
        2360  -2.00000000    
        2361  -2.00000000    
        2362  -2.00000000    
        2363  -2.00000000    
        2364  -2.00000000    
        2365  -2.00000000    
        2366  -2.00000000    
        2367  -2.00000000    
        2368  -2.00000000    
        2369  -2.00000000    
        2370  -2.00000000    
        2371  -2.00000000    
        2372  -2.00000000    
        2373  -2.00000000    
        2374  -2.00000000    
        2375  -2.00000000    
        2376  -2.00000000    
        2377  -2.00000000    
        2378  -2.00000000    
        2379  -2.00000000    
        2380  -2.00000000    
        2381  -2.00000000    
        2382  -2.00000000    
        2383  -2.00000000    
        2384  -2.00000000    
        2385  -2.00000000    
        2386  -2.00000000    
        2387  -2.00000000    
        2388  -2.00000000    
        2389  -2.00000000    
        2390  -2.00000000    
        2391  -2.00000000    
        2392  -2.00000000    
        2393  -2.00000000    
        2394  -2.00000000    
        2395  -2.00000000    
        2396  -2.00000000    
        2397  -2.00000000    
        2398  -2.00000000    
        2399  -2.00000000    
        2400  -2.00000000    
        2401  -2.00000000    
        2402  -2.00000000    
        2403  -2.00000000    
        2404  -2.00000000    
        2405  -2.00000000    
        2406  -2.00000000    
        2407  -2.00000000    
        2408  -2.00000000    
        2409  -2.00000000    
        2410  -2.00000000    
        2411  -2.00000000    
        2412  -2.00000000    
        2413  -2.00000000    
        2414  -2.00000000    
        2415  -2.00000000    
        2416  -2.00000000    
        2417  -2.00000000    
        2418  -2.00000000    
        2419  -2.00000000    
        2420  -2.00000000    
        2421  -2.00000000    
        2422  -2.00000000    
        2423  -2.00000000    
        2424  -2.00000000    
        2425  -2.00000000    
        2426  -2.00000000    
        2427  -2.00000000    
        2428  -2.00000000    
        2429  -2.00000000    
        2430  -2.00000000    
        2431  -2.00000000    
        2432  -2.00000000    
        2433  -2.00000000    
        2434  -2.00000000    
        2435  -2.00000000    
        2436  -2.00000000    
        2437  -2.00000000    
        2438  -2.00000000    
        2439  -2.00000000    
        2440  -2.00000000    
        2441  -2.00000000    
        2442  -2.00000000    
        2443  -2.00000000    
        2444  -2.00000000    
        2445  -2.00000000    
        2446  -2.00000000    
        2447  -2.00000000    
        2448  -2.00000000    
        2449  -2.00000000    
        2450  -2.00000000    
        2451  -2.00000000    
        2452  -2.00000000    
        2453  -2.00000000    
        2454  -2.00000000    
        2455  -2.00000000    
        2456  -2.00000000    
        2457  -2.00000000    
        2458  -2.00000000    
        2459  -2.00000000    
        2460  -2.00000000    
        2461  -2.00000000    
        2462  -2.00000000    
        2463  -2.00000000    
        2464  -2.00000000    
        2465  -2.00000000    
        2466  -2.00000000    
        2467  -2.00000000    
        2468  -2.00000000    
        2469  -2.00000000    
        2470  -2.00000000    
        2471  -2.00000000    
        2472  -2.00000000    
        2473  -2.00000000    
        2474  -2.00000000    
        2475  -2.00000000    
        2476  -2.00000000    
        2477  -2.00000000    
        2478  -2.00000000    
        2479  -2.00000000    
        2480  -2.00000000    
        2481  -2.00000000    
        2482  -2.00000000    
        2483  -2.00000000    
        2484  -2.00000000    
        2485  -2.00000000    
        2486  -2.00000000    
        2487  -2.00000000    
        2488  -2.00000000    
        2489  -2.00000000    
        2490  -2.00000000    
        2491  -2.00000000    
        2492  -2.00000000    
        2493  -2.00000000    
        2494  -2.00000000    
        2495  -2.00000000    
        2496  -2.00000000    
        2497  -2.00000000    
        2498  -2.00000000    
        2499  -2.00000000    
        2500  -2.00000000    
        2501  -2.00000000    
        2502  -2.00000000    
        2503  -2.00000000    
        2504  -2.00000000    
        2505  -2.00000000    
        2506  -2.00000000    
        2507  -2.00000000    
        2508  -2.00000000    
        2509  -2.00000000    
        2510  -2.00000000    
        2511  -2.00000000    
        2512  -2.00000000    
        2513  -2.00000000    
        2514  -2.00000000    
        2515  -2.00000000    
        2516  -2.00000000    
        2517  -2.00000000    
        2518  -2.00000000    
        2519  -2.00000000    
        2520  -2.00000000    
        2521  -2.00000000    
        2522  -2.00000000    
        2523  -2.00000000    
        2524  -2.00000000    
        2525  -2.00000000    
        2526  -2.00000000    
        2527  -2.00000000    
        2528  -2.00000000    
        2529  -2.00000000    
        2530  -2.00000000    
        2531  -2.00000000    
        2532  -2.00000000    
        2533  -2.00000000    
        2534  -2.00000000    
        2535  -2.00000000    
        2536  -2.00000000    
        2537  -2.00000000    
        2538  -2.00000000    
        2539  -2.00000000    
        2540  -2.00000000    
        2541  -2.00000000    
        2542  -2.00000000    
        2543  -2.00000000    
        2544  -2.00000000    
        2545  -2.00000000    
        2546  -2.00000000    
        2547  -2.00000000    
        2548  -2.00000000    
        2549  -2.00000000    
        2550  -2.00000000    
        2551  -2.00000000    
        2552  -2.00000000    
        2553  -2.00000000    
        2554  -2.00000000    
        2555  -2.00000000    
        2556  -2.00000000    
        2557  -2.00000000    
        2558  -2.00000000    
        2559  -2.00000000    
        2560  -2.00000000    
        2561  -2.00000000    
        2562  -2.00000000    
        2563  -2.00000000    
        2564  -2.00000000    
        2565  -2.00000000    
        2566  -2.00000000    
        2567  -2.00000000    
        2568  -2.00000000    
        2569  -2.00000000    
        2570  -2.00000000    
        2571  -2.00000000    
        2572  -2.00000000    
        2573  -2.00000000    
        2574  -2.00000000    
        2575  -2.00000000    
        2576  -2.00000000    
        2577  -2.00000000    
        2578  -2.00000000    
        2579  -2.00000000    
        2580  -2.00000000    
        2581  -2.00000000    
        2582  -2.00000000    
        2583  -2.00000000    
        2584  -2.00000000    
        2585  -2.00000000    
        2586  -2.00000000    
        2587  -2.00000000    
        2588  -2.00000000    
        2589  -2.00000000    
        2590  -2.00000000    
        2591  -2.00000000    
        2592  -2.00000000    
        2593  -2.00000000    
        2594  -2.00000000    
        2595  -2.00000000    
        2596  -2.00000000    
        2597  -2.00000000    
        2598  -2.00000000    
        2599  -2.00000000    
        2600  -2.00000000    
        2601  -2.00000000    
        2602  -2.00000000    
        2603  -2.00000000    
        2604  -2.00000000    
        2605  -2.00000000    
        2606  -2.00000000    
        2607  -2.00000000    
        2608  -2.00000000    
        2609  -2.00000000    
        2610  -2.00000000    
        2611  -2.00000000    
        2612  -2.00000000    
        2613  -2.00000000    
        2614  -2.00000000    
        2615  -2.00000000    
        2616  -2.00000000    
        2617  -2.00000000    
        2618  -2.00000000    
        2619  -2.00000000    
        2620  -2.00000000    
        2621  -2.00000000    
        2622  -2.00000000    
        2623  -2.00000000    
        2624  -2.00000000    
        2625  -2.00000000    
        2626  -2.00000000    
        2627  -2.00000000    
        2628  -2.00000000    
        2629  -2.00000000    
        2630  -2.00000000    
        2631  -2.00000000    
        2632  -2.00000000    
        2633  -2.00000000    
        2634  -2.00000000    
        2635  -2.00000000    
        2636  -2.00000000    
        2637  -2.00000000    
        2638  -2.00000000    
        2639  -2.00000000    
        2640  -2.00000000    
        2641  -2.00000000    
        2642  -2.00000000    
        2643  -2.00000000    
        2644  -2.00000000    
        2645  -2.00000000    
        2646  -2.00000000    
        2647  -2.00000000    
        2648  -2.00000000    
        2649  -2.00000000    
        2650  -2.00000000    
        2651  -2.00000000    
        2652  -2.00000000    
        2653  -2.00000000    
        2654  -2.00000000    
        2655  -2.00000000    
        2656  -2.00000000    
        2657  -2.00000000    
        2658  -2.00000000    
        2659  -2.00000000    
        2660  -2.00000000    
        2661  -2.00000000    
        2662  -2.00000000    
        2663  -2.00000000    
        2664  -2.00000000    
        2665  -2.00000000    
        2666  -2.00000000    
        2667  -2.00000000    
        2668  -2.00000000    
        2669  -2.00000000    
        2670  -2.00000000    
        2671  -2.00000000    
        2672  -2.00000000    
        2673  -2.00000000    
        2674  -2.00000000    
        2675  -2.00000000    
        2676  -2.00000000    
        2677  -2.00000000    
        2678  -2.00000000    
        2679  -2.00000000    
        2680  -2.00000000    
        2681  -2.00000000    
        2682  -2.00000000    
        2683  -2.00000000    
        2684  -2.00000000    
        2685  -2.00000000    
        2686  -2.00000000    
        2687  -2.00000000    
        2688  -2.00000000    
        2689  -2.00000000    
        2690  -2.00000000    
        2691  -2.00000000    
        2692  -2.00000000    
        2693  -2.00000000    
        2694  -2.00000000    
        2695  -2.00000000    
        2696  -2.00000000    
        2697  -2.00000000    
        2698  -2.00000000    
        2699  -2.00000000    
        2700  -2.00000000    
        2701  -2.00000000    
        2702  -2.00000000    
        2703  -2.00000000    
        2704  -2.00000000    
        2705  -2.00000000    
        2706  -2.00000000    
        2707  -2.00000000    
        2708  -2.00000000    
        2709  -2.00000000    
        2710  -2.00000000    
        2711  -2.00000000    
        2712  -2.00000000    
        2713  -2.00000000    
        2714  -2.00000000    
        2715  -2.00000000    
        2716  -2.00000000    
        2717  -2.00000000    
        2718  -2.00000000    
        2719  -2.00000000    
        2720  -2.00000000    
        2721  -2.00000000    
        2722  -2.00000000    
        2723  -2.00000000    
        2724  -2.00000000    
        2725  -2.00000000    
        2726  -2.00000000    
        2727  -2.00000000    
        2728  -2.00000000    
        2729  -2.00000000    
        2730  -2.00000000    
        2731  -2.00000000    
        2732  -2.00000000    
        2733  -2.00000000    
        2734  -2.00000000    
        2735  -2.00000000    
        2736  -2.00000000    
        2737  -2.00000000    
        2738  -2.00000000    
        2739  -2.00000000    
        2740  -2.00000000    
        2741  -2.00000000    
        2742  -2.00000000    
        2743  -2.00000000    
        2744  -2.00000000    
        2745  -2.00000000    
        2746  -2.00000000    
        2747  -2.00000000    
        2748  -2.00000000    
        2749  -2.00000000    
        2750  -2.00000000    
        2751  -2.00000000    
        2752  -2.00000000    
        2753  -2.00000000    
        2754  -2.00000000    
        2755  -2.00000000    
        2756  -2.00000000    
        2757  -2.00000000    
        2758  -2.00000000    
        2759  -2.00000000    
        2760  -2.00000000    
        2761  -2.00000000    
        2762  -2.00000000    
        2763  -2.00000000    
        2764  -2.00000000    
        2765  -2.00000000    
        2766  -2.00000000    
        2767  -2.00000000    
        2768  -2.00000000    
        2769  -2.00000000    
        2770  -2.00000000    
        2771  -2.00000000    
        2772  -2.00000000    
        2773  -2.00000000    
        2774  -2.00000000    
        2775  -2.00000000    
        2776  -2.00000000    
        2777  -2.00000000    
        2778  -2.00000000    
        2779  -2.00000000    
        2780  -2.00000000    
        2781  -2.00000000    
        2782  -2.00000000    
        2783  -2.00000000    
        2784  -2.00000000    
        2785  -2.00000000    
        2786  -2.00000000    
        2787  -2.00000000    
        2788  -2.00000000    
        2789  -2.00000000    
        2790  -2.00000000    
        2791  -2.00000000    
        2792  -2.00000000    
        2793  -2.00000000    
        2794  -2.00000000    
        2795  -2.00000000    
        2796  -2.00000000    
        2797  -2.00000000    
        2798  -2.00000000    
        2799  -2.00000000    
        2800  -2.00000000    
        2801  -2.00000000    
        2802  -2.00000000    
        2803  -2.00000000    
        2804  -2.00000000    
        2805  -2.00000000    
        2806  -2.00000000    
        2807  -2.00000000    
        2808  -2.00000000    
        2809  -2.00000000    
        2810  -2.00000000    
        2811  -2.00000000    
        2812  -2.00000000    
        2813  -2.00000000    
        2814  -2.00000000    
        2815  -2.00000000    
        2816  -2.00000000    
        2817  -2.00000000    
        2818  -2.00000000    
        2819  -2.00000000    
        2820  -2.00000000    
        2821  -2.00000000    
        2822  -2.00000000    
        2823  -2.00000000    
        2824  -2.00000000    
        2825  -2.00000000    
        2826  -2.00000000    
        2827  -2.00000000    
        2828  -2.00000000    
        2829  -2.00000000    
        2830  -2.00000000    
        2831  -2.00000000    
        2832  -2.00000000    
        2833  -2.00000000    
        2834  -2.00000000    
        2835  -2.00000000    
        2836  -2.00000000    
        2837  -2.00000000    
        2838  -2.00000000    
        2839  -2.00000000    
        2840  -2.00000000    
        2841  -2.00000000    
        2842  -2.00000000    
        2843  -2.00000000    
        2844  -2.00000000    
        2845  -2.00000000    
        2846  -2.00000000    
        2847  -2.00000000    
        2848  -2.00000000    
        2849  -2.00000000    
        2850  -2.00000000    
        2851  -2.00000000    
        2852  -2.00000000    
        2853  -2.00000000    
        2854  -2.00000000    
        2855  -2.00000000    
        2856  -2.00000000    
        2857  -2.00000000    
        2858  -2.00000000    
        2859  -2.00000000    
        2860  -2.00000000    
        2861  -2.00000000    
        2862  -2.00000000    
        2863  -2.00000000    
        2864  -2.00000000    
        2865  -2.00000000    
        2866  -2.00000000    
        2867  -2.00000000    
        2868  -2.00000000    
        2869  -2.00000000    
        2870  -2.00000000    
        2871  -2.00000000    
        2872  -2.00000000    
        2873  -2.00000000    
        2874  -2.00000000    
        2875  -2.00000000    
        2876  -2.00000000    
        2877  -2.00000000    
        2878  -2.00000000    
        2879  -2.00000000    
        2880  -2.00000000    
        2881  -2.00000000    
        2882  -2.00000000    
        2883  -2.00000000    
        2884  -2.00000000    
        2885  -2.00000000    
        2886  -2.00000000    
        2887  -2.00000000    
        2888  -2.00000000    
        2889  -2.00000000    
        2890  -2.00000000    
        2891  -2.00000000    
        2892  -2.00000000    
        2893  -2.00000000    
        2894  -2.00000000    
        2895  -2.00000000    
        2896  -2.00000000    
        2897  -2.00000000    
        2898  -2.00000000    
        2899  -2.00000000    
        2900  -2.00000000    
        2901  -2.00000000    
        2902  -2.00000000    
        2903  -2.00000000    
        2904  -2.00000000    
        2905  -2.00000000    
        2906  -2.00000000    
        2907  -2.00000000    
        2908  -2.00000000    
        2909  -2.00000000    
        2910  -2.00000000    
        2911  -2.00000000    
        2912  -2.00000000    
        2913  -2.00000000    
        2914  -2.00000000    
        2915  -2.00000000    
        2916  -2.00000000    
        2917  -2.00000000    
        2918  -2.00000000    
        2919  -2.00000000    
        2920  -2.00000000    
        2921  -2.00000000    
        2922  -2.00000000    
        2923  -2.00000000    
        2924  -2.00000000    
        2925  -2.00000000    
        2926  -2.00000000    
        2927  -2.00000000    
        2928  -2.00000000    
        2929  -2.00000000    
        2930  -2.00000000    
        2931  -2.00000000    
        2932  -2.00000000    
        2933  -2.00000000    
        2934  -2.00000000    
        2935  -2.00000000    
        2936  -2.00000000    
        2937  -2.00000000    
        2938  -2.00000000    
        2939  -2.00000000    
        2940  -2.00000000    
        2941  -2.00000000    
        2942  -2.00000000    
        2943  -2.00000000    
        2944  -2.00000000    
        2945  -2.00000000    
        2946  -2.00000000    
        2947  -2.00000000    
        2948  -2.00000000    
        2949  -2.00000000    
        2950  -2.00000000    
        2951  -2.00000000    
        2952  -2.00000000    
        2953  -2.00000000    
        2954  -2.00000000    
        2955  -2.00000000    
        2956  -2.00000000    
        2957  -2.00000000    
        2958  -2.00000000    
        2959  -2.00000000    
        2960  -2.00000000    
        2961  -2.00000000    
        2962  -2.00000000    
        2963  -2.00000000    
        2964  -2.00000000    
        2965  -2.00000000    
        2966  -2.00000000    
        2967  -2.00000000    
        2968  -2.00000000    
        2969  -2.00000000    
        2970  -2.00000000    
        2971  -2.00000000    
        2972  -2.00000000    
        2973  -2.00000000    
        2974  -2.00000000    
        2975  -2.00000000    
        2976  -2.00000000    
        2977  -2.00000000    
        2978  -2.00000000    
        2979  -2.00000000    
        2980  -2.00000000    
        2981  -2.00000000    
        2982  -2.00000000    
        2983  -2.00000000    
        2984  -2.00000000    
        2985  -2.00000000    
        2986  -2.00000000    
        2987  -2.00000000    
        2988  -2.00000000    
        2989  -2.00000000    
        2990  -2.00000000    
        2991  -2.00000000    
        2992  -2.00000000    
        2993  -2.00000000    
        2994  -2.00000000    
        2995  -2.00000000    
        2996  -2.00000000    
        2997  -2.00000000    
        2998  -2.00000000    
        2999  -2.00000000    
        3000  -2.00000000    
