   4.4357954859733582        2.4143350720405579     
   6.4822567701339722        2.2885454893112183     
   8.4151540398597717        2.4936401247978210     
   2.3630845546722412        2.3620291352272034     
   4.2956761121749878        4.4282181262969971     
   6.2716775536537170        4.3342218399047852     
   8.4823576807975769        4.4850186705589294     
   2.2583130002021790        4.4661738276481628     
   4.2774100303649902        6.4294570684432983     
   6.3819667696952820        6.4654406309127808     
   8.4122983813285828        6.4987651705741882     
   2.2768510580062866        6.2853016853332520     
   4.4460243582725525        8.3304401636123657     
   6.3528059124946594        8.3579860329627991     
   8.2857008576393127        8.2737531065940857     
   2.3168873786926270        8.4252291917800903     
   4.4795675873756409        10.342221736907959     
   6.4911296963691711        10.416423320770264     
   8.3845402002334595        10.466355919837952     
   2.2657794356346130        10.454039633274078     
   4.4367770507952606        2.4161571969386344     
   6.4881811215567957        2.2777390289358532     
   8.3947891671183719        2.4932310965404483     
   2.3752256597594865        2.3521262802888749     
   4.2980883867511785        4.4295092630868034     
   6.2632718012539321        4.3311108209340468     
   8.4722287144423376        4.4832650180604041     
   2.2743823324761490        4.4853035508204915     
   4.2748408951142203        6.4345219352897942     
   6.3846412622665838        6.4796975946576012     
   8.3952379030385700        6.5195956556774135     
   2.2937643532780658        6.2658232412535675     
   4.4572362139942285        8.3235334973743313     
   6.3517703908845817        8.3465655152741292     
   8.2665517216827169        8.2477637011227358     
   2.3281806233663929        8.4287984367609070     
   4.4867449446155163       0.34022000917039819     
   6.4982958870131462       0.42842356946849591     
   8.3595085690106714       0.47260184948078887     
   2.2755598651567279       0.46160868565326751     
   4.4384305249641365        2.4215636299864780     
   6.5095469528718546        2.2418349815315164     
   8.3321470424296606        2.4907547919078556     
   2.4112695135029316        2.3190586025273650     
   4.3048200702526032        4.4330759616668267     
   6.2378388707309291        4.3218003956768207     
   8.4425918853633242        4.4759859293277362     
   2.3223565076264379        4.5520227246165081     
   4.2656682307150877        6.4506648035591354     
   6.3947762495699862        6.5271866277370592     
   8.3422547744637612        6.5963214133915997     
   2.3445615451948871        6.1988182175642557     
   4.4912858281529644        8.3013229268366295     
   6.3496011632943059        8.3066501326253537     
   8.2094185939568902        8.1567343911545223     
   2.3610843310480352        8.4399467529250209     
   4.5073515354218294       0.33487797486852067     
   6.5249165399308531       0.46929823175539731     
   8.2810337728194341       0.49308472060828201     
   2.3043229312648315       0.48659273652265611     
   4.4372557979937319        2.4300197761637374     
   6.5633563574582787        2.1620396163755071     
   8.2130707514553656        2.4807426130239723     
   2.4734875276328321        2.2478423239614731     
   4.3148967858571012        4.4386013558960897     
   6.1919050066614361        4.3057884180834769     
   8.3928820219706139        4.4565240732972349     
   2.4063290537101096        4.7246340991686786     
   4.2444176869245780        6.4822281109290074     
   6.4217095299927891        6.6341440457767753     
   8.2360499691341005        6.8223434470139601     
   2.4335486325334053        6.0281810236676669     
   4.5535291957611488        8.2567288544858215     
   6.3499203268770117        8.2106385837588078     
   8.1131315492669671        7.9095276609658107     
   2.4157625306164512        8.4606785677666636     
   4.5399116121457581       0.32788806246171909     
   6.5985132513472351       0.56261312269810659     
   8.1222092597955040       0.53567921791173312     
   2.3533900164400308       0.54075297338394002     
   4.4241643200375567        2.4407485505280953     
   6.7132574416763973        1.9625687129523417     
   7.9861498380052502        2.4400888413839006     
   2.5646612012960635        2.0969739043892837     
   4.3265345431418041        4.4467850698284206     
   6.1176421715339622        4.2833334846351114     
   8.3223168012527502        4.4163026508995671     
   2.5247605941160991        4.7279895540383308     
   4.2026567132286274        6.5366370248907018     
   6.4920011094076315        6.9093478088764009     
   8.1170894992579257        6.6392283418961853     
   2.5799992818581128        6.0331008848956635     
   4.6528593493206873        8.1709710449719033     
   6.3734813997161694        7.9531161442359810     
   7.8796281888820801        8.0647823547264608     
   2.4920433102614705        8.4928312149132310     
   4.5787186845390657       0.32287963816965082     
   6.8031689238002286       0.79569792949183871     
   7.7971129930664205       0.62109160930616092     
   2.4270304991758032       0.66312118176163537     
   4.3820105130167128        2.4514229318186125     
   6.6914571425151372        1.9621568797243700     
   7.9855818379642258        2.4757672721203718     
   2.7043591432946439        1.9158872423129552     
   4.3349415974158170        4.4553913261159863     
   5.9983040124078038        4.2571846976372321     
   8.2295470887709072        4.3589815353305283     
   2.7025124055788066        4.5637816636494399     
   4.0999623009711961        6.6287940744244196     
   6.7831763994686121        6.7253425574497392     
   7.8372215028022865        6.5440669845995174     
   2.8315923656779987        6.2282404244245733     
   4.7980509310509412        8.0040850372363437     
   6.4343401301172989        8.1862304532940584     
   7.4459715701777043        8.1034990501710737     
   2.5891797313302760        8.5300540820531872     
   4.6156302160020530       0.32697076433991867     
   6.4962612331494398       0.76991632421985656     
   7.8978459940677261       0.71889880961860442     
   2.5173307477940625       0.81092383625089326     
   4.2681426333850965        2.4487722189749981     
   6.3012236826231423        1.7936722678651282     
   8.3628046853057540        2.6524109389258523     
   2.9839478668373900        2.1347839786318463     
   4.3090267242565687        4.4539060833512973     
   5.7960849972970987        4.2334933505806411     
   8.1152867779531164        4.2711138963398145     
   3.0178827212508317        4.4994158739971972     
   4.1350466782178898        6.8920267423997785     
   6.5738919448892048        6.8619065204525498     
   8.0519868077292145        6.4801516444632483     
   3.0273723053812418        6.2749416031615404     
   5.0120964493875402        7.7302025222586224     
   5.9360527760317439        8.3386499504103142     
   7.4050538075638741        7.8384729021902295     
   2.7064313913696836        8.5641137553332207     
   4.6674390775849446       0.35325730279199341     
   6.4481012439369501       0.67582700922916317     
   7.6781058479101709       0.94961087985709725     
   2.5792984446616583       0.57086650557756435     
   4.3421126207837730        2.4978672521889038     
   6.0557955875130176        1.5845353916253799     
   8.6732562628084438        2.8857104115396126     
   3.0716947073822389        2.1836380127606656     
   4.4937972393955992        4.4165340278743912     
   5.4570700283285980        4.2183250849331770     
   8.0131561239953086        4.0834032425986990     
   3.2610738354333932        4.4905999301462831     
   4.0174886513664383        7.0414984981192816     
   6.2865750985847839        7.0534936691559373     
   8.1306781330662012        6.6009051863767922     
   3.0960002094040835        6.2300114081566385     
   5.2939506270833228        7.4037107100469868     
   5.7641089839557722        8.5577929401915078     
   7.4486185844670700        7.4669065848584353     
   2.8437532615084287        8.6042551579489199     
   4.7615387820500530       0.41270486004479601     
   6.4027574960246838       0.50241209261316122     
   7.2609384189733923        1.3392499534085527     
   2.7009122114480046       0.44404153220438758     
   4.6405637680795095        2.6098075102169300     
   5.7085307163485766        1.3659404061379483     
   8.9348656420252865        3.2398020083817975     
   2.9725939391121923        2.1373157276404378     
   4.3550902489347756        4.4926815655807744     
   5.8600406134930907        4.0305612989596824     
   7.9359075051281742        3.7618329693389487     
   3.0694921818958480        4.5541468969356309     
   3.7031311500467510        7.0992735691123201     
   6.6328851679320131        6.7144931179213216     
   8.3448709816113720        6.5099279415539755     
   3.2109514658491669        6.0833822245842661     
   4.7203594498827783        7.6216484868677057     
   5.6923363731636893        8.6602092617862496     
   7.6132160955402561        7.5861104663499077     
   3.0086204026327970        8.6588679579830341     
   5.0375016940939155       0.54317822572419772     
   6.1938182733482776       0.23669970718660416     
   6.8746565940738584        1.7799243502660111     
   2.8658446003794360       0.33179225426560777     
   4.9704148175864820        2.6561313472609296     
   5.5092192843176520        1.5964483414667043     
   9.2765441068912722        3.4812400528401639     
   2.9647941711645380        2.0653889267345917     
   4.3439370629993412        4.5253612115896544     
   6.1278411325896123        3.8300873401981868     
   7.7387768626360582        3.5433455107450538     
   2.8931529792804724        4.7755804115519460     
   3.1513298010050139        7.1058986741860934     
   6.9432831347107609        6.4143353998071291     
   8.3790518505753013        6.5848028329043160     
   3.2555282965730061        5.7475406350778915     
   4.5970923620262489        8.1437682738493749     
   5.4980365269587388        8.6881650643240746     
   7.9272702498949918        7.5375435627277128     
   3.2328321981262746        8.7118100231020996     
   4.8414705244485408       0.20480345167970171     
   6.0799767112042957        4.1649769413355742E-002
   6.5787531075697956        2.1821922696351557     
   3.0659716830121901       0.18150284770022473     
   5.4532412803432759        2.8859507448665003     
   5.1702257999894066        1.5202909327720331     
   9.4436760601441776        3.7433982187405554     
   2.9917725778662572        1.9610889242651073     
   4.0914705405813514        4.6252976748930212     
   6.3865915098763075        3.6983761867619087     
   7.5165312899787970        3.2693835130990117     
   2.8248276424276675        4.6898615986401140     
   2.7176795148737991        6.9400637256711057     
   7.3976101374382424        6.2724759035773268     
   8.5085747442185422        6.3793390700281591     
   3.4543917232860242        5.9381833950049394     
   4.4750739140054439        8.4871461105579584     
   5.3694791720603874        8.9243861607126362     
   7.9922787795893058        7.6133411235500041     
   3.2427805371764791        8.9159498992492772     
   4.7077268399708565        9.7696294621183384     
   5.8211839154072003        9.9666060695172973     
   6.4261266253104665        2.5106301812481675     
   3.3840342590253965        9.9061970515218007     
   5.7751594666887947        3.3691459734529587     
   5.0124600851480388        1.3851250036748901     
   9.5707836513722135        4.0019099245899810     
   3.0477557856302937        1.8294389306265657     
   3.9644326714876073        4.9379948522193331     
   6.5358518980300389        4.0880554843488213     
   6.9884730294021864        3.0554387587489966     
   2.6513680413471672        4.8013358172837393     
   2.4927821055906758        6.5317451670153801     
   7.5176814128402327        6.2842975350054502     
   8.9728036711931622        6.4260576508008640     
   3.4637954701216156        5.9943492840205472     
   3.9381877103080427        8.4617709439515032     
   5.8260006966467195        9.0604068972918128     
   8.0540206351162027        7.2774726484961718     
   2.9173845779674181        8.6670339331213597     
   4.6959429551225469        9.3567945337248304     
   5.4275485208384531       0.29604090961000296     
   6.6921061267980875        1.8941670045669863     
   3.8307383519184981       0.29901469424577698     
   5.7140751350732302        3.7149488618179802     
   4.8630115137932108        1.4395745781224942     
   9.6915126919861301        4.2656050506941874     
   3.1842558968272954        1.6162327464577970     
   4.1036471287353375        5.0630059474452764     
   6.8849056768365386        4.5121544047454059     
   6.7831842181112059        2.8276008069617546     
   2.5073698075484323        5.1779723479115489     
   2.1263410285222513        6.1179731766727308     
   7.6352384708546595        5.9591179648700461     
   9.2327711547870024        6.4748319812062647     
   3.3369896324348183        6.0000135354866018     
   3.8254858633450901        8.3820960763230339     
   6.0526516303131075        9.5696510148195202     
   8.3171327245167959        7.2585568603241377     
   2.2987781265432545        8.5551604699680297     
   4.8842316487562236        8.9435696461251695     
   5.1602990999066396        9.2787778978346225E-002
   6.7229209642440644        1.3356102107204180     
   4.0504744504312171       0.71113248714605781     
   5.6980775186960475        4.1753990146940119     
   4.8932504257883025        1.6616869298575363     
   9.8056176023677395        4.5471297506843769     
   3.1160207453832101        1.7208769174429452     
   4.0281290117177821        5.1850372672135165     
   7.1251164401111780        4.7975593199391433     
   6.6674431828498655        2.5191686563613853     
   2.7567955531952002        4.9321284794800562     
   1.4970363852360276        6.3639426646094464     
   7.7980303521108354        5.5598424967694164     
   9.4221946370516108        6.4699730141460847     
   3.3105270807629470        5.9790389756739994     
   3.7820681838752019        8.4890399307326021     
   6.4654183293882781        9.9343752236087468     
   8.5557568256528853        7.2445225553261494     
   1.8598573999788908        8.4124255308108005     
   4.9218945939890091        8.4904390077446052     
   4.9198224798225709        1.3136998366686470E-002
   6.6614857214692584       0.90488508317608130     
   4.0907343941185239       0.61698813015978260     
   5.8685494212449125        4.6812609056728789     
   4.7717759713272070        1.5944443479879755     
   9.8991138078474066        4.8827190838941128     
   3.0585686598844664        1.8944202670281278     
   4.0603048005413562        5.2101392513685454     
   6.9118814458342683        4.6930762204242207     
   6.4693427477343342        2.2844784297605685     
   2.9581570522193701        4.7820747005864810     
  0.95417110964156926        6.5534972951417316     
   8.3300919183738991        5.5514333970330529     
   9.6461373440994080        6.3478146396280479     
   3.1303796804043351        6.0248721786189847     
   3.8388932739662494        8.6380035727110354     
   6.5369919377342995        9.5529326603089011     
   8.7191152398955509        7.2091541939844994     
   1.4624525011957452        8.2434651998961641     
   4.8896451240226035        8.2956008304215274     
   5.1870982707174704        9.5369044677053552     
   6.6954527230581604        1.1734537989901170     
   3.9871538338218926       0.86785050563538491     
   5.7211740055322000        5.2099579453729241     
   4.8370594854667974        1.7067209040912150     
   9.9490655138252677        5.1255750918880096     
   3.1989052040844115        1.9351547093336894     
   4.1020402913085405        5.4198830552618720     
   7.0601955995596519        4.6252335101833975     
   6.1342114896628743        2.6117415044418948     
   3.0298924171825679        4.6676948974810237     
  0.57872727411637293        6.8944484308797804     
   8.8883755131580813        5.4974741034312693     
   9.6297794387093383        6.3676326136866095     
   3.1078410620779628        5.8477541548175083     
   3.9573459782581555        8.8676431453081399     
   6.5370818587506641        9.2865314093696654     
   8.9247367969708655        7.0337543094170840     
   1.0442300312047017        7.9904318161442340     
   4.8439240966761705        8.1088084888580028     
   5.4101309121942798        9.0779236774553596     
   6.7533107996365764       0.76500608244892199     
   3.6672490951881951       0.97822609692721052     
   5.6086531113742168        5.6753742320294940     
   4.6737486666697077        1.7245205172255709     
  0.15741131841984490        4.9417729388999838     
   3.2883340565406076        2.2353628591505998     
   4.0623062203652509        5.3910006903967442     
   7.0824124939829467        4.6307224644667286     
   5.7128835594715675        2.8147944997043464     
   3.3570332356290109        4.5919443125113162     
  0.62479347254787676        6.9519688767150356     
   8.9979441886723137        5.1984276357760564     
   9.7514052546880876        5.9383000252657023     
   3.0260397063866868        5.8635646629233129     
   4.2367163097936835        9.0181982515341161     
   6.9209760080941436        9.2412367132208360     
   8.5103386842357764        7.4282531986638958     
  0.95121036804027526        8.5553827624515506     
   4.5780726048114389        7.8613372999657471     
   5.3297026668461509        8.7445185891274946     
   6.7421543930375876       0.24600296470225835     
   3.7631405439554424       0.96491245206742704     
   5.3697953752631449        6.0776700703987601     
   4.6455112821989886        2.0317938637357411     
  0.32510997206052394        4.5491414943681043     
   3.6028992249329619        2.1977845866288757     
   4.2815757514618902        5.6485880820781063     
   7.0731819336869854        4.6714252386291992     
   5.1561384052352253        2.8868449434756442     
   3.4548141914494366        4.5892513265759156     
  0.55519392698398207        6.7177468261658362     
   9.1238871581715522        4.8188020768882858     
   9.8038281747760792        5.8982150437723604     
   3.0944003303265575        5.5542624462752634     
   4.2519787666876887        9.0258254405320315     
   7.2544196819226059        8.7500965805448772     
   8.1531829768444943        7.7769738329258331     
  0.96818668412818276        9.3651285151943888     
   4.4019985072929853        7.9610911172666228     
   5.5618895021985892        8.2717844664191098     
   6.6432384907803268       0.11207074400209471     
   3.6540465271590588        1.1130992509219837     
   5.1483442296169102        6.5570699935004555     
   4.6298500834110978        1.6562205466020217     
  0.49862788236846001        4.3960917533031214     
   3.6030946903928776        2.3344736412110922     
   4.2584236578838901        5.7134339220950707     
   7.0701938176021493        4.7226028936539635     
   4.8563751243764273        3.5474140401717946     
   3.8049554816057043        4.4109442355553803     
  0.46830065593258396        6.4611476673998354     
   9.2010103257197713        4.5858508026454352     
   9.8862164762494089        5.5082425235615133     
   3.1600985268546786        5.5684797265955339     
   4.4022220296903036        9.1462965225990871     
   7.0360718051291187        8.8370202113483849     
   8.1996155181554116        7.7119636310056450     
  0.98379292346178993       0.16648402465402690     
   4.4158857142488017        7.9283291717148856     
   5.5577751391984904        7.8034917961287178     
   6.6114600707471034        9.7689274901492169     
   3.5829627109151314        1.1931113529050954     
   4.5685560083892760        6.8153512423473970     
   4.5976688770940992        1.5140149170060049     
  0.76071209780472948        4.2545437247430531     
   3.8953591716292291        2.3333883375891560     
   4.4768827646351106        5.7260273994789443     
   7.0772120018710467        4.7736692189395882     
   4.8107246361019129        3.8733682950190698     
   3.9447726805142249        4.8404572736914737     
  0.39341871830364994        6.2033623639825919     
   9.1770913596561172        4.2981654276483479     
   9.9470603159355306        5.1683878073385792     
   3.0087384157078958        5.4479502053009341     
   4.6339663331748699        9.0239202896069877     
   6.8456079706932762        8.4443748701686303     
   8.4390584963875952        7.4391605235558593     
   1.0023617228452864       0.96876739536134338     
   4.5185082342403007        7.8854145465906633     
   5.7140540878876216        7.6879679559524412     
   6.2741895042983167        5.7435492356667339E-002
   3.2893334663890688        1.2618686601241347     
   3.8214497489082238        6.9184328565013402     
   4.5684677113191015        1.2654294473882164     
  0.93222581821460437        4.0120516042101784     
   3.9928612683968989        2.2672525188701762     
   4.7769666307295058        5.7727828718851555     
   7.0931419425887015        4.8211625147241115     
   5.0011500012842447        3.9590173606844186     
   4.1776718470340910        4.7993614082898439     
  0.35063532889110682        5.9794499025332755     
   9.2968317608547721        3.9789387441379755     
   9.9025406673631977        4.9404542031696295     
   2.5009132761911541        5.7955366559059520     
   4.9821786346777834        8.9878830817032664     
   6.8639766769608812        8.0858114344621548     
   8.6485833646553338        7.1821696213520241     
   1.0312435949124907        1.7730562106791972     
   4.5863760723113600        7.8506630622264524     
   5.7324143659723426        7.7767728288758740     
   5.8879808135024341       0.30620110106348264     
   3.2276673387901411        1.5451685181405370     
   3.2476088619684305        7.0460893726562581     
   4.2993182238850736        1.1136859593297164     
  0.82479095943356917        3.9096234338658125     
   4.3309233670270491        2.2537771587963569     
   4.9974688370376086        5.8265258841096426     
   7.1022823020316181        4.8651174790576164     
   5.2294847110743312        4.0145868057007625     
   4.3043201929445978        4.8732485706761857     
  0.34926182750114343        5.7793116269198901     
   9.4825727311411043        3.5993437981260801     
   3.2224855996490831E-002   4.6051776053020905     
   2.0954306565097696        6.1593207133693326     
   5.4541377095985215        8.8384254607338981     
   7.2087439274641127        7.8837101265499179     
   8.8493492968901748        6.9199462806202874     
   1.0682361740700177        2.6067951740424569     
   4.1804015003051038        7.7361560980412207     
   5.6979703317649140        7.8382102145898038     
   5.3333690694202325       0.51498112658741668     
   3.2873813274937262        1.6335630577298961     
   2.7148872361571694        7.1360621876347743     
   3.9361894648190177        1.0037591338754961     
  0.80633381165590201        4.2111384113916053     
   4.5114016729035686        2.0086876720915630     
   5.1691762703569921        5.8116001879833732     
   7.0841453240548660        4.9056113899875413     
   5.4033706373092691        4.1748441396569973     
   4.5229853694565065        4.9590532537070402     
  0.37255024258153213        5.5069791300386477     
   1.1061052202904875E-002   3.3951625741247451     
   9.5788175126404198        4.5693102551673199     
   1.8027007493784790        6.6221512145318968     
   5.8055799417666343        9.0155614481460340     
   7.3621188416817702        7.6552024680615318     
   9.0508554672748716        6.6426138114004871     
   1.2568569248917072        2.6856978608231543     
   3.8635754894086762        7.5789479963823609     
   5.7400575393666209        7.5821274269196905     
   5.1002937170767062       0.47392319066634592     
   3.2823195985730287        2.0791621942152965     
   2.3277475441640867        7.3631317190026593     
   3.6024557234953409       0.97325342733256548     
  0.99474813480428459        4.3986470158885407     
   4.4999135632153440        1.6593164812062682     
   5.4488286333125231        5.8644700335810960     
   6.9945507554767161        4.9364305000520297     
   5.6593331100497970        4.3872818963431008     
   4.6318630077341876        5.0009646489195401     
  0.19081844409449467        5.4095943730273071     
  0.73989003594886604        3.3966034520756363     
   9.0026667225277350        4.5814874772005574     
   1.3053119684274286        6.9575628456492531     
   6.1051567032151048        9.0603493581172252     
   7.4003266371489680        7.4166258487319077     
   9.2899079005870533        6.3037401281307339     
   1.3628527749426862        2.5625774035236510     
   3.6320035516440790        7.3597640936147570     
   5.8442752399634301        7.4838734898746964     
   4.9925313002219482       0.36835422606047175     
   3.3500951125815455        2.5335675284751780     
   1.9584217555512495        7.5432904501061202     
   3.3803827042377197       0.95404188678064727     
   1.2533165346189321        4.7636184770400067     
   4.3631855036054503        1.4237508149070450     
   5.7871694351388747        5.8137957034788581     
   6.9786703403078931        5.0204291419824898     
   5.7939904045050135        4.7286318519715671     
   4.7726534934452332        5.0714537616443920     
  0.11638745077933699        4.9985425108458941     
   1.1430771918263662        3.3571387670586681     
   8.7098532288600765        4.7699848189086609     
  0.76920762068496273        7.2482864474885034     
   6.3486477434224184        9.0170278694258599     
   7.2647127609620696        7.1863504807658956     
   9.2013373697237597        6.2645897661942769     
   1.7028449484283534        2.1946168936649499     
   3.4006129297907961        7.1754786518693408     
   6.1010834500832196        7.4148578886632244     
   4.7147069214449129       0.35717906566229551     
   3.6150150761376239        2.7145306983493498     
   1.5264831369657621        7.6187663015318492     
   3.2554250279921888       0.89642014249885982     
   1.2682150334805620        4.9972490195352961     
   4.1024062353667468        1.6494848756840845     
   6.2382114333939853        5.9734821789488812     
   7.4212033780121729        5.3582118665477552     
   5.7185927508635963        4.6651501609230372     
   4.7173222937619848        5.2684046418041071     
  0.22445754682365759        4.3185008419294633     
   1.6752760883100528        3.2481154492154385     
   8.5781909821176328        5.1807600148057809     
  0.44966550932184646        7.5567259099762190     
   6.5650357245846926        8.8470721038686904     
   7.3449510132422375        6.8211409545782686     
   8.9319786621208017        6.2357837548800248     
   1.9592930900495684        2.1202420966587212     
   2.9830989728721136        7.0280631961264959     
   6.1093710622833157        7.4153598064574382     
   4.3685541231039338       0.14180048016540248     
   3.9375447988859928        2.6768621506728110     
   1.2907070011023531        7.6251937279526842     
   2.9783616347538295       0.79586223412061052     
   1.0304514679521368        4.9839477670491341     
   4.0482887282641862        1.5246461739842658     
   6.5080105221818201        5.9890582304842788     
   7.5697969011226469        5.3757766703641767     
   5.7802071832153707        4.8925907536884665     
   4.7938461153497940        5.5097172618125363     
  0.56331297778282696        3.8212663999345580     
   2.1909753083216561        3.2413609667514471     
   8.6478518208086896        5.1238129819051697     
   6.4908680015040687E-002   7.8361985795555746     
   6.7234697764101519        8.4786867987417800     
   7.5156413475233421        6.9477679262247136     
   8.6562934991278340        6.5840002719873780     
   2.2712751240020026        2.0063116626509832     
   2.4089831855342805        6.9391732316900914     
   6.1943069860480620        7.3315520845853221     
   3.9738300000177205       0.15647493740322815     
   4.1647586040177735        2.8541972859229681     
  0.87203065046144523        7.6319230487054170     
   2.6365333041435601       0.83452389203137756     
  0.66055620230268985        4.6598814632339458     
   3.8102994077698842        1.3880696759998106     
   6.6121464067676285        5.9666957756222629     
   7.5476045627822650        5.1044250792132733     
   5.8896296182113410        5.1958838806605581     
   4.9815213674364465        5.7621394737160561     
   1.1015518599657277        3.6056667183545912     
   2.6569927168209908        3.1200271638555606     
   8.9166341809745049        5.0183984157097150     
   9.9406460543348629        8.0349564225629990     
   6.6818874978739089        8.2977137522991171     
   7.6508269643634819        7.5182211034311379     
   8.3618885140902499        6.7950068208342636     
   2.7224945518717831        2.0801145702925350     
   1.7205699343174263        6.8904886690672313     
   6.5649484328525247        7.0551683911949006     
   3.7413319365746549       0.34849415202983813     
   4.3051826996348090        2.7097974779953109     
  0.60322312079152240        7.6625288568290557     
   2.5990587726248400        1.0476232416774458     
  0.33528809126812575        4.1491498936967801     
   3.9454589253149326        1.2541320718159117     
   6.9094594745870452        5.7487730010796163     
   7.8838325213659175        4.7307731317175552     
   5.8963391964191985        5.0452451146038388     
   5.1686446374920116        6.0968389622735444     
   1.6705639804849941        3.5546346244259137     
   3.0593006305213581        3.3816413945089341     
   8.9163628935386754        4.9840859655395988     
   9.4011349871680423        8.3742720777575315     
   6.3135920690066527        8.5241551218378042     
   7.8480562060978265        8.0461624625377581     
   8.4444788384775364        6.5295885920751786     
   2.6621474227498041        2.2712226341877901     
   1.2524705258791986        6.6440529205323600     
   6.7521572409009210        7.4922080139087655     
   3.5482927538668747       0.18731214207164015     
   4.1654145749935623        2.2931957237335379     
  0.22189420848645192        7.6226126010714559     
   2.9032807718311808        1.5273357530701066     
   9.5806679728603683E-002   3.5832008285896286     
   4.1297659065572212       0.88821854809193290     
   6.9808842379917735        5.6430263047388003     
   8.0595241447937696        4.2403107654380072     
   5.9446446853408403        5.2248192445653530     
   5.5981355259893792        6.2127812358055188     
   2.2506083540086106        3.5846685582739664     
   3.3289040384868951        3.4391444286695805     
   9.1680177998842858        5.1107410900208201     
   9.0290309312123824        8.5518446648757731     
   6.0630004068318044        8.6486767983985047     
   7.9442177020370508        8.4913342628422015     
   8.4200134472394765        6.2185354085213973     
   2.5263887189702636        2.5438886265669112     
  0.67073026310059980        6.5856013098123434     
   7.0315194988098995        7.8770246512185302     
   3.3060684977380763        9.9824098959770815     
   3.7028410445094053        2.0414209702636157     
   9.6785470430388898        7.7089157715682575     
   2.5469460151752337        1.0372466943325094     
   9.8316562705258193        3.0697301171452214     
   3.8691572310367004       0.81671646457908231     
   7.1592719008496957        5.6421832925407926     
   8.3351298954598683        3.9601690247658397     
   6.0576644264970625        5.1917260073066362     
   6.1195732566322576        6.4730971813028475     
   2.3973955974353114        4.0353783685879865     
   3.7025230567278751        3.3630625665433413     
   9.2952823709968371        5.2170296707225443     
   9.1338599101898410        8.6254129332469773     
   5.9986526347998144        8.6689795134000178     
   8.0038146008836399        9.1424929557359675     
   8.2592183605910101        5.7408988350459786     
   2.9429663627633360        2.5496749694722833     
   3.4523025741396651E-002   6.5112456005277082     
   6.8536588131539240        8.0370427835723532     
   3.1068562261565624        7.3607694967064319E-002
   4.0485798648923677        2.1529855014494892     
   9.2024884584433622        7.5269622983439426     
   2.3330234749446355       0.96492161005102162     
   9.5000415131699185        2.6223593929947722     
   3.3628067165672970        1.0529611931207334     
   7.3287561900475957        5.6280758818945920     
   8.7422719127172286        3.8331929177932160     
   5.9832601451799725        5.4081365837345832     
   6.6055552561968938        6.6094511107402276     
   2.8191832064650875        4.2198681362948243     
   3.7416106700840785        3.6717096266150815     
   9.4300105730328241        5.3072449350962376     
   8.9859692103986930        8.8208645447394858     
   5.8060577713410790        8.7942936074322660     
   8.2612402367193027        9.7394115873414790     
   8.4075720352437457        5.2703704775769999     
   3.4717380708198302        2.5172701665205519     
   9.2398900472283074        6.4044557009818455     
   6.8044180908114775        8.0031165866687033     
   2.9974325099597010        9.7984034758469072     
   4.3519507741761725        1.8245261130270478     
   8.6658673828240111        7.4869518379083750     
   1.8183730730848406       0.78815802129762069     
   9.0651470023436040        2.3735190051506034     
   3.2614309237214698        1.1951296365230366     
   7.5212007993926875        5.6106897388848314     
   9.2256832421303514        3.8231667694203839     
   5.9581990196643808        5.8202055160253003     
   6.8977469237485280        6.8033777807699423     
   3.0002901115201652        4.5309701667054725     
   3.9978069237089144        3.6299711401880970     
   9.8595207856256195        5.4885311211087462     
   8.8835214048396836        8.7521321559108003     
   5.8482927892192009        8.7357959823541549     
   8.4866678641870443       0.26889343592526060     
   8.5409426041795840        4.7756034140021448     
   3.9730946129095219        2.4467143032436773     
   8.3371790107197867        6.1099301677526974     
   6.5417664142478849        7.8969557022550774     
   2.9032479914833527        9.9024866291912517     
   4.5892979839962926        1.5784134221986825     
   8.0598057199404423        7.4458639785758578     
   1.6319097611071509       0.49062956635254906     
   8.6284431462829865        2.3106366550569497     
   3.3461641929049630        1.2979989353387822     
   6.7125423563372877        5.2308966881241652     
   9.6030733912142878        3.8885243715077529     
   6.2923339720857960        6.3873938267332342     
   7.3354167826655754        6.6784086097770441     
   3.3289142715251518        4.6780789807371708     
   4.1314929822002568        3.6108987797927750     
   9.9882581889799766        5.6100922490272715     
   8.6528191358584472        8.4616474346997705     
   5.8659891378574933        8.6827355298965472     
   8.7691802205369527       0.66554359400902818     
   8.7048786662130411        4.5708791937729281     
   4.2706817782911877        2.4067157496362253     
   8.3996963762646430        6.4104948717905685     
   6.3522332268661117        7.5800798437404282     
   2.6880777522258921       0.44906711464293458     
   4.6133658041894101        1.1610099736057933     
   7.3817999879629639        7.4655085538482453     
   1.3394270798500312       0.20633816593127108     
   8.2413591082238113        2.1997028830863830     
   3.5300080753667125        1.7194916548920069     
   5.8730545618522676        5.2814730820537825     
   9.9345913639275381        3.9999783971404543     
   6.2462188195589121        6.2828093072866977     
   7.5682255408392329        6.2955173848847146     
   3.8507140006088481        4.5546477384568114     
   4.1187388748680753        3.4698485994683903     
   9.9368919429776312        5.6339984250875581     
   8.6631805921607778        8.3793482200592813     
   5.9268899923745124        8.6248784782988679     
   9.0316068148938768        1.1505220748077161     
   8.9360358185899358        4.4898083635230659     
   4.4628504600803502        2.2582013204773332     
   8.8011828152652569        6.6622163091300024     
   6.3559234162874994        7.4358298698200755     
   2.6101613620153294       0.95056240735141806     
   4.5664162358433060       0.95691471121525495     
   7.4847953065157924        7.1609636237742542     
   1.2023087293282870        1.0566199409510091E-002
   8.0121004466061834        1.8999744912433751     
   3.5454655878914778        2.0862096792202074     
   5.0156413398925164        5.2663253353192001     
  0.28658381667182198        4.2058332026365921     
   6.2733579588242492        5.9984740774274261     
   7.9025583988266774        6.1497773300468026     
   4.4696740249310096        4.3236499590768140     
   4.1220987076481137        3.0743721100435586     
   9.6579583174328079        5.5123757309594286     
   8.7484942911952857        8.3360635737845215     
   5.9300891430980940        8.7417207473741456     
   9.1493679575259392        1.8358476689517556     
   9.2362130213198128        4.5831415725622477     
   4.6347163161962648        2.1328894918503174     
   8.9582894454978437        6.8627779472024812     
   5.7227661852065985        7.2892487074903869     
   2.4851396062128686        1.4389252709181690     
   4.5376582627253530        1.1084592275293854     
   7.7489423848353596        6.9443693542514993     
   1.0943026419575634        9.8472597816346585     
   7.9539909343795046        1.6158937344333673     
   3.5849958172045078        2.0546935616814288     
   4.3272546921641197        5.4055926878817253     
  0.52989289916274807        4.5649240255365662     
   6.2502801702321378        5.7071813281495647     
   8.4343907921677008        5.9573654881272180     
   5.1007358939157648        3.8809889861806823     
   4.1375219977034217        3.2132317665594670     
   9.4382963375650419        5.8345093918928725     
   8.7871782074710403        8.0265989620408540     
   5.9264554391065154        8.6415278311660018     
   9.1022545202918828        2.5162751663865457     
   9.3821587304557639        4.2970163117964866     
   4.8793665143295577        2.2461063726784438     
   8.7902780672374554        7.0128170987618290     
   5.1736080459152003        7.2628578255495242     
   2.4803433499273773        1.9501087352712592     
   4.2530294275246074        1.0382775368419299     
   7.6971444825388922        6.7324365543776850     
  0.98895534994096579        9.6892652198496307     
   8.0802202178664224        1.4447993566160804     
   3.6480881737602022        2.1861259025128312     
   3.7256841201317883        5.4762123488634451     
  0.47208751701157148        4.9930297249576014     
   6.2032195062863238        5.4696199606616354     
   8.3031676701606756        5.6925920587559666     
   5.6957615724044643        3.5058817845880395     
   4.1135512768288311        3.2624487163786977     
   9.9278686616237479        5.8911782894715152     
   8.7483419753628091        8.1524178341198521     
   5.8628396863093979        8.4069556413685973     
   8.9019189718079765        3.1710230083224928     
   9.6966135131960698        4.1298292005125035     
   4.8475183763098819        2.2281780628893202     
   8.9976383361510024        6.7614195101204118     
   4.7192592615445790        7.2948782530642937     
   2.6469106152363651        2.4730169499035490     
   4.0984875790757496        1.0562875694896494     
   7.7519245349151191        6.5526615403532631     
  0.88113747802150044        9.5298672592466289     
   8.2342771236322321        1.3172614199855097     
   3.6926185306045021        2.3409094752602027     
   3.1485020573554880        5.5490146418320307     
  0.72373330818084547        4.7199998845160760     
   6.1772490715429420        5.2413877571785665     
   8.4065394672281712        5.6483264714534620     
   6.0633633783852261        2.9853549347818529     
   4.1581028726101010        3.3737768049884593     
   9.9900929636769469        6.4084623084243262     
   8.7041772804940969        8.0087693869093570     
   5.7112057435923695        8.0749031687268769     
   8.7719163813384071        3.9542099609172041     
   9.9459143123027509        3.9111439354313386     
   4.8459170174237371        2.1066894358798365     
   8.9054592217836621        6.6305390700942866     
   4.3570904738310610        7.3895094400368464     
   2.7511805464751564        3.0632892283129358     
   4.1548751001540332        1.2115198224966850     
   7.7236212423801192        6.3572712498478658     
  0.76994092651606572        9.3675801530919642     
   8.3871257825978276        1.1969687947661836     
   3.5650599965955507        2.3275521183968291     
   2.5767886771952409        5.6164159374771749     
   1.0005490166220667        4.4474138901061160     
   6.1785087149079700        5.0204589681802201     
   8.4886787606073923        5.6677085105068734     
   6.2195157308170863        2.3724213068503737     
   4.2621417014652128        3.3567326796212793     
  0.16646453483466495        6.9459835334805859     
   8.6519096906449917        7.7076117900442540     
   5.3958349539491870        7.6596066022913618     
   8.8290806756797195        4.6764415171604305     
   1.1587573829299203E-002   3.7323433693289090     
   4.8899622000902490        2.3847526857932326     
   8.7553131077564643        6.5918882669988115     
   4.1582770100090922        7.5469171810940772     
   3.2133333217770197        3.6063237850409422     
   4.1315832452740118        1.4352036067505018     
   7.4266155406933443        6.3752092637671396     
  0.65242903117421669        9.1947488318219719     
   8.5351504271375802        1.0791557962537954     
   3.6283153570294679        2.7197920029247165     
   1.9896989461085841        5.6507660431674402     
   1.1494844529332564        4.0693342139622892     
   6.2062579877519077        4.8133179947551419     
   8.2758032279983524        5.4684380838440561     
   6.0498449914118169        1.7629921879988402     
   4.4425264863744225        3.4429162365070098     
  0.10524566540270719        7.4376736032742308     
   8.5146885121818343        7.9825242087418289     
   5.0777096592664783        7.1711353037938466     
   9.3161669127662243        4.4795171179048907     
   6.9341897029881139E-002   3.7711719432196649     
   5.1096122783852103        2.2810841532466828     
   9.2011198431671595        6.8442249640184905     
   3.9632200759403613        7.7667693083002689     
   3.3911494506819224        4.0994634743606966     
   4.2708961201149833        1.6073612149672591     
   7.3921035202174075        6.2401989069289421     
  0.50750720192430343        8.9599808794583851     
   8.6800476453481643       0.96068964846322658     
   3.8573018940861363        2.9748027491454661     
   1.3820681895164277        5.6211086851889327     
   1.4590215160833129        3.8045997777654037     
   6.2508987799115445        4.6243883765252356     
   8.0966700613423299        5.4120944699450710     
   5.9119143156731617        1.0823948785072979     
   4.7487484933631503        3.5893368238863204     
   4.3450813413063116E-002   8.0924159915671439     
   8.5559728478906933        8.0874721923671231     
   4.7637466454148480        6.7519594099051368     
   9.2809502596223723        4.7681389907420364     
  0.36408776788769082        3.4150170768690948     
   5.1997369696082991        2.4802492017965552     
   9.3303792348396932        6.9966795476403796     
   3.7699658654380350        7.9098342593535769     
   3.5971068784356035        4.3034029997390562     
   4.1835979635334564        1.9428310810381468     
   7.3506876410818833        6.1273667131064151     
  0.66199380448444067        9.3294448424089182     
   8.8257213966454628       0.83819724314141020     
   4.0293707759379220        3.1555380671988154     
  0.75209847977347977        5.5307563582206249     
   1.7024345479237972        3.5685387639064245     
   6.2618289107670009        4.4242829907453363     
   8.0737225082007740        5.2401517209149162     
   5.6921175832108020       0.52144215313169440     
   5.0995371017432660        3.9461516686093372     
   9.8376875397889307        8.4192847333012750     
   8.6395623861028099        8.0178700915398409     
   4.3324563565268974        6.4564131003583292     
   9.1979517523994794        5.1015645823026556     
  0.66729550243074165        3.1736003731064972     
   5.1080919806652751        2.7671792305442402     
   9.2147785845275010        6.9805719290393711     
   3.6992527695247688        7.9204683712285338     
   4.0996364918151542        4.3799772654069251     
   4.1290507499992124        2.1187957486231657     
   7.2939059700112168        6.0843103896247577     
  0.84038263279304815        9.7170974298611767     
   8.9819762652030732       0.70325471422711061     
   4.1346201822361621        3.6414653791527911     
  0.23192605969336988        5.4246081071020029     
   1.9787025207606099        3.3577480922240888     
   6.5428974913245312        4.2715631681892692     
   8.0335585226459330        5.0398616485233028     
   5.4553270076697160        9.9875664031493159     
   5.2137160807218592        4.0180906097646378     
   9.8606440815978686        8.9351481412115668     
   8.6196618497961595        7.8441847505443647     
   3.8539004218395512        6.2452527995383740     
   9.0276812526568975        5.4624552446001609     
  0.94023253242771077        2.9401944425516966     
   5.2255300878426318        2.9754824354594316     
   8.9178226160038712        6.7495496076221109     
   3.6812059957011449        7.8108542795026423     
   4.3547624318670035        4.7534526406428554     
   4.1868228607570295        2.0554556633451675     
   7.4793604555787816        5.8815116330973503     
  0.94763065049657769       0.10246147364896707     
   9.1825247829204386       0.51160694828876885     
   4.2329643489016959        3.9784710268428682     
  0.10665824027909743        5.3981018767466260     
   2.2785278980562822        3.1533773306327859     
   6.9241831100740150        4.1678433267733475     
   7.7081472434955600        4.8460858199407664     
   5.2123129778997868        9.4595048655704979     
   5.3764255176710041        4.2783425326867324     
   9.8189106001185067        9.4316247029809901     
   8.7228747370961770        7.9792224141148722     
   3.4281607108761527        6.0258601084068317     
   8.5277259093498401        5.4792062450285286     
   1.2064241951925272        2.7086540855428574     
   5.2244884614741984        2.9438425308232965     
   8.5221178766438044        6.6602829967041259     
   3.6796647106158300        7.5659888527252654     
   4.4518481263348377        5.2030181652377969     
   4.3443263104741305        2.2425890110456344     
   7.3044991681519527        5.7300530517181087     
  0.89213449450127058       0.46509227691491972     
   9.1456712880030864       0.67900152607986897     
   4.4393351033327288        4.2738019952464477     
   9.8122247535888434        5.4013093461821313     
   2.5500319514208805        2.9257848067627670     
   6.5266114197824336        3.6603966381260804     
   7.4336838981104023        4.5088548389681833     
   4.9636884786503401        8.9272381778122067     
   5.5805787777197509        4.5635992237267402     
  0.14093184184597796        9.5455644722765314     
   8.8299247078211778        8.5867246858323938     
   3.2830976258185576        5.7383121981078631     
   8.7986076597423448        5.4880285888404359     
   1.5307707623265170        2.4982415291428737     
   5.3098856097771474        3.5082873482669967     
   8.3917712293660713        6.6208112442825708     
   3.6636417825889893        7.1727881202838262     
   4.5084182278188916        5.3662352624561187     
   4.2697680831821181        2.3574706158136749     
   7.1164315410534158        5.3002140906131014     
  0.93028995875661735       0.93996558904650485     
   9.0845748746143897       0.95836529504505208     
   4.3598354125818268        4.5582091996917065     
   1.4015858774858003E-002   5.3871455383559521     
   2.9135777710782413        2.6908822912139261     
   6.3414127991981495        3.4226009677881706     
   6.9493521447907511        4.2191266808502679     
   4.7059249826171854        8.3823521137522725     
   5.9058285133323452        4.9962284247318944     
  0.28273337994636627        9.3711634138133171     
   9.0509307663835941        9.2479240292339639     
   3.4734805443590098        5.5094994923103311     
   8.3003728167845594        5.4895388670592631     
   1.8397483495633224        2.2583467409936020     
   5.2006908863070418        3.7060302494931392     
   8.4566963845229530        6.7062872008767691     
   3.6313602164160415        6.5426028423558940     
   4.5576090896329369        5.6544672919356547     
   4.2604105728365180        2.6766456276810828     
   6.9947562773247078        5.3855830167417693     
  0.94517534363744460        1.4072310172871649     
   9.1044056426749549        1.0971558411857973     
   4.5861536503372466        4.6472797937170043     
   8.3823017868327909E-002   5.4006691346137412     
   3.3515591866479166        2.4055153811510745     
   5.8860160480848513        2.8802628310853180     
   6.5562470508158341        4.0671862910296426     
   4.4367930803883251        7.8101199849155911     
   5.8363557935780861        4.9625253854447582     
  0.34390930277258036        9.2620953204486014     
   9.3766679359687153        8.3722601527522755E-002
   3.1559462384502819        5.1595692005622293     
   8.1610029184177648        5.5793651375119673     
   2.2656391939353036        2.0019729901326571     
   5.1216549954012223        3.7278319368950417     
   8.4401342780698201        6.6565811486126663     
   3.6882044623980406        6.2128765129022092     
   4.8601982883873092        6.0520992208754976     
   4.1806341583919107        3.2179532002026594     
   6.8718594445618209        5.3978874653584938     
   1.0779128648042420        1.9197124680249207     
   9.0132904934536597        1.7071507664172749     
   4.3024570334755463        4.9036563520542682     
   9.8551982068082467E-002   5.4308858362526600     
   3.7804204169256721        2.2422837614147486     
   5.5560316085674195        2.4506067800823068     
   6.3602557439005238        3.7801325444206739     
   4.1605053091300519        7.0998372072140512     
   5.7940570576731893        4.9056892363787927     
  0.32966716036223609        9.3145486415456702     
   9.9543254895902002       0.32515344884074082     
   2.8501542326368003        5.1286804738152654     
   8.2163011822378422        5.4630488004411148     
   2.7315148409474475        1.7502933129356819     
   4.9734010578552343        3.9123141718776520     
   8.4552789989925685        6.7982288883330533     
   3.8099747805013298        5.7830404426772475     
   5.0720369241841041        5.9749445722142767     
   3.9672802416832056        3.7295007765452031     
   6.8857089968572005        5.2986832830460102     
   1.2747441470474055        2.3985013002868811     
   8.9804550097990088        2.2974741141044852     
   4.2626527820311200        4.5695430091825333     
   5.9471672340455584E-002   5.4743715464903673     
   4.1955235652453950        2.2313615793272383     
   5.2040015266804645        2.2021110779501427     
   6.3790144853558850        3.5969427641072400     
   4.1864109203345325        6.8143915585738171     
   5.8398968485477614        5.0289883078200255     
  0.31330540778981941        9.3580973704132404     
  0.52105983244475773       0.63031421493881368     
   2.7557239038799626        4.9717548322281218     
   7.9930070949205749        5.4511304069229425     
   3.2581483377151095        1.5752415132408153     
   5.2386998571291770        4.0646054355627967     
   8.4444826414965917        6.7763313459674492     
   3.6433784548562667        5.8144471990186695     
   4.7896951493958966        5.4956222067248497     
   3.1498962296845132        3.9676828809389146     
   6.8584057994946193        5.1367323296919061     
   1.4844463684135221        2.8491503303596097     
   8.9687041318323359        2.8761903479909261     
   4.1382929522708949        3.7911228170704554     
   9.9776760992519158        5.5319002258430796     
   4.1201771477610976        2.5326986910621692     
   5.5451879100833459        2.0338959844397380     
   6.4765218998996126        3.5310520465159865     
   4.5032532085082515        6.8352967199812724     
   5.6148981404966669        5.1158490880942651     
  0.36185760952840162        9.7220004107089650     
   1.0279570414984551       0.66099536611728560     
   2.3284495135484669        5.1667943440573509     
   8.0540872586341337        5.5775190561942800     
   3.5879537472907685        1.2262842984912545     
   5.2659566506238242        4.0418060052366993     
   8.4173061246757612        6.6450951394102162     
   3.5546492883841552        6.0267392570908846     
   4.3592103345570656        5.1336214446195143     
   2.7302856367993513        3.5828520438707887     
