        1020  0.94457044537563872       0.33134684043593432       0.88454654914835085     
        1020   1.6340672808594716      -0.48366639444804649       -1.5608467885276549     
        1020  0.71680380735917693        9.4784355323020014E-003 -0.71674113702540621     
        1020   1.5421904739451806       -1.5384500225976816      -0.10734517174262743     
        1020  0.16217252967773158      -0.16207260452229258       -5.6921213475530797E-003
        1020  0.72926626401037342       0.39798031728759631      -0.61109815158885228     
        1020  0.59922278786585925       0.53213653476192169      -0.27549711045545761     
        1020  0.93260973566010408      -0.83078633038044869       0.42373929756513867     
        1020   1.0368943996114588       0.76007588337988341      -0.70529047026731984     
        1020   1.0343371392435923      -0.85010099176282949      -0.58922119906065173     
        1020   1.0929619775307808       0.75247342286474228       0.79268507757508211     
        1020   1.2210650746240237       0.44629577892037009       -1.1365825945281904     
        1020   2.0935657905215628       -1.4986235882977517        1.4618977597081633     
        1020   1.3149302719428309      -0.37955299451578728        1.2589603426739644     
        1020   1.3248929742697517       0.95372542765329471      -0.91964623737439888     
        1020  0.81040272887806297        6.8192367570911405E-002  0.80752856542544982     
        1020  0.43841379043963119      -0.43611872805969754       -4.4800744226367720E-002
        1020   1.0289980130816934        1.0288530730396908       -1.7270350976670391E-002
        1020  0.84609039825906707       0.80039033516186664       0.27430689638735212     
        1020  0.79250307143798371        9.8423237984503489E-002  0.78636758863986989     
        1040  0.53685681682934516      -0.17021938484723539       0.50915675660680948     
        1040   1.7200716145898352      -0.55775518434708071       -1.6271310683689979     
        1040   1.0347178473240501       0.94523293250580454      -0.42092247133812394     
        1040  0.64817669417376977      -0.51103596053860034      -0.39871703488367127     
        1040  0.62119110324323001      -0.48315406832288432      -0.39043633669471245     
        1040  0.75601464206911406       0.11981484581985609      -0.74646000679477453     
        1040   1.0871374543689885       0.26891324166682234       -1.0533534606902497     
        1040   1.4079279188635510       -1.3274033592475469      -0.46932008967630767     
        1040  0.97433265309453676       0.84336679614358123       0.48791040780941536     
        1040  0.94230121208310724      -0.91967637536095714      -0.20524848086216099     
        1040   1.4111087248294087        1.0522454656905593       0.94021663100762987     
        1040  0.91089832967258932       0.72034008420285445       0.55753558638972800     
        1040   1.2602271422265310       0.50995167748406989        1.1524416413144887     
        1040   1.1101595492213860       -1.7509879621747035E-002   1.1100214542264770     
        1040   1.5806885406005247        1.4464029159544556      -0.63756949982277600     
        1040  0.82044299317454417        6.2702822489207388E-002  0.81804343472769958     
        1040   1.2579594355073263      -0.68560636139314202       -1.0547065272383438     
        1040  0.91840365879547858      -0.58802248730597950       0.70547490027031501     
        1040  0.66835348942138639        9.9111330655804061E-002  0.66096394073911413     
        1040  0.81008283262925518      -0.80769905162086897        6.2100223279684820E-002
        1060   1.6504116018863824      -0.34148990244451377        1.6146959782477974     
        1060   1.9533490921971082      -0.74491390159267834       -1.8057341873047761     
        1060  0.44998218320708960       0.43237408152925211       0.12464597396448220     
        1060   1.3365244384495103       -1.2379436984305532      -0.50377869554881194     
        1060  0.75166773997345471       0.74521462554816520        9.8283025929755866E-002
        1060  0.94102772024754111       0.40903926836045401      -0.84747864115470717     
        1060   1.1238600746331626       0.66674199602348927       0.90471906031268701     
        1060  0.91199508365665005       -4.8277398118781630E-002 -0.91071638035382929     
        1060  0.87891491472035799       0.86706003341621618      -0.14386912723084244     
        1060   1.6341338898301492       0.43925449204680445       -1.5739914425142589     
        1060   1.3578183718497354      -0.13543417977618397       -1.3510471175651197     
        1060  0.47505590009393694       0.29806772405104975      -0.36991044874819079     
        1060   1.0799391227845516      -0.19937148598349960        1.0613762384269765     
        1060   1.7408969406877517       0.21868426033086549        1.7271072208694849     
        1060   1.1871628904050977       -1.1360091247462785       0.34473032481663130     
        1060  0.83867376078613953        4.5807368287747049E-002  0.83742185428953153     
        1060  0.61178881954101927       0.41724204383001490      -0.44743115288940916     
        1060  0.37884287006028544      -0.24864823573848027       0.28582507773051591     
        1060  0.23719166710479925      -0.14128602741976631       0.19052072170736428     
        1060  0.82362988166033957      -0.30611193916799379       0.76463171701325305     
        1080  0.26449158547012297      -0.23790711131062325       0.11556818408339760     
        1080   2.0125286122224586      -0.87263900873020694       -1.8134973326300805     
        1080   1.3137669543926860       0.98310659655095345       0.87148438326354116     
        1080  0.59527467162736647      -0.53549058803886662      -0.26000339382949955     
        1080  0.40936118701034047       0.40104012109303711       -8.2118223946923377E-002
        1080   1.8645653985700834        1.1720552326316953        1.4501347031243259     
        1080  0.71685474700088170      -0.33997762163748124      -0.63110692048449268     
        1080  0.97682193642036319      -0.70646323427852431      -0.67460417585778032     
        1080  0.67271222029758027       0.55442212012940706       0.38099585830939614     
        1080   1.1704422235149532       0.21288164463987691       -1.1509198077894258     
        1080   1.4914608011034498        6.6912465634600807E-002  -1.4899590743274940     
        1080  0.42913461107406009       0.37196268228893759       0.21400999370614379     
        1080   1.1379093242221019      -0.73892677284037689       0.86534666725613885     
        1080   1.0478411087525610       0.31245988141802383       -1.0001698914164687     
        1080  0.71488500083292428      -0.58313978185768278       0.41353181163105718     
        1080  0.89147717488194844       -1.9081236333291538E-002  0.89127294346653052     
        1080  0.87612527727740186       0.54399175989288195       0.68678123638684929     
        1080   1.0781512502385999      -0.81370673257126247       0.70731285281638701     
        1080  0.52395946280823735      -0.52361605814053436       -1.8966874377849961E-002
        1080  0.91717248128236495       0.75211564146614218       0.52490706061513737     
        1100  0.91606387364900865      -0.54641332630124639      -0.73525879623791957     
        1100   1.8527098359989005       -1.4440678596027446E-002  -1.8526535572547715     
        1100   2.2527463434066357       0.83509768399984929        2.0922423248539008     
        1100  0.20622749941733326       -7.1913794668416658E-002 -0.19328266257560453     
        1100  0.46688934306056584       0.43136043146322639       0.17864444248670583     
        1100   1.3901779563119658       0.58709681956734561        1.2601238330694415     
        1100  0.77654913002877834       0.54526172055085853       0.55291790299317489     
        1100   1.3162383551122934       -1.1233287600606212      -0.68601450734615133     
        1100   1.2941134069577662       0.58109573898046663        1.1563119182152291     
        1100   1.1331985700903515       0.25635863842985562       -1.1038202968586905     
        1100  0.47064146734043788       0.24333555836339102       0.40285381569042777     
        1100   1.0930762415243720       0.84489814443205624      -0.69351481261780967     
        1100   1.2715219427368449       -1.1146121123151451       0.61188878886743014     
        1100  0.71438400060819862       0.28555290383829235       0.65483130608920470     
        1100   1.5799667284442078      -0.50946819713123492       -1.4955724720328809     
        1100  0.94567695843900146      -0.12226247669179099       0.93774026068823024     
        1100   1.1295061447667931      -0.14598490678790418       -1.1200323825926064     
        1100  0.53439173811824014       0.34384848516054095       0.40907548083677053     
        1100  0.31850125509712762       -5.4050599758939451E-002 -0.31388147789276211     
        1100   1.2529959609201067       -1.2514312724683834       -6.2599108382340188E-002
        1120  0.82265488906716100      -0.30291348753423319       0.76485585934602796     
        1120   1.6047592514487439        1.5817795373961423      -0.27060256869656441     
        1120  0.92425509483945645      -0.52642406687057475      -0.75968755561489709     
        1120  0.90441727866824229      -0.86094124402426775      -0.27703932625462263     
        1120  0.61557338179243137      -0.43571791213139505      -0.43483386415874792     
        1120   1.1208202875294302       0.18527065820713842        1.1054016917596283     
        1120  0.73105684799098203      -0.27195220928342273      -0.67859126936645398     
        1120  0.77184759656482271      -0.39548754412865422      -0.66282600640136258     
        1120  0.26731486594221204       0.25531918314120505       -7.9179241432401834E-002
        1120   1.1958449155198443       0.42183786815961138       -1.1189717936396868     
        1120  0.37506787710556666       0.34158871741235469       0.15489693532494098     
        1120   1.5348767388665150        1.5152665581378346       0.24456872511142569     
        1120   2.2799420410871005      -0.25927979816255031        2.2651511421936510     
        1120  0.71573700212088776       0.69711422978398296       0.16220729588301475     
        1120   1.3259448559147484      -0.43257810069311231       -1.2533977611785985     
        1120  0.96941459558756005      -0.19905152647749674       0.94875874064230414     
        1120  0.14867246354310285       -1.5091189184774666E-002 -0.14790455511905165     
        1120  0.89974461964447650       0.28501557723048687       0.85340875394804572     
        1120  0.62668516057004697      -0.46088077467464966      -0.42464479510998404     
        1120   1.1891906799766132       -1.1228744762968303      -0.39157040723777742     
        1140  0.42317697493831130       0.22080772221118775      -0.36100235723585944     
        1140  0.55162058604406827      -0.14647463285464721      -0.53181806370007556     
        1140  0.64962944346269447      -0.62519880441382292       0.17647908877024648     
        1140  0.91798694659831093      -0.42800392198649406      -0.81210385843749644     
        1140  0.35509344087498346      -0.30685074262009221      -0.17870079324371588     
        1140   1.2659800344357481        1.1481607587385692       0.53332196624816741     
        1140  0.89937590876696805       0.84661761637934585      -0.30350557969593339     
        1140   1.2294808141145113       -1.0805001917575632      -0.58663652109935205     
        1140  0.97483278750934033      -0.26231378477103334       0.93887722409393159     
        1140   1.0239278046429534      -0.61185360530657829      -0.82101358989622097     
        1140  0.58901119170772198       0.58197171141607174        9.0791580382760750E-002
        1140   1.7405527888379133        1.5167100842668004       0.85388203577240862     
        1140   1.8095584436772849      -0.45016290097576600        1.7526708543445457     
        1140  0.36228899459917108      -0.18654093647288439      -0.31057333212543786     
        1140   1.2944677060415528      -0.40605489437802156       -1.2291322405405098     
        1140  0.99827266455292851      -0.24967181782406825       0.96654658251841596     
        1140  0.17897548328448057       0.17706036383777321       -2.6112280148404429E-002
        1140  0.91815245328747430       0.84258680110344308       0.36476212808359731     
        1140  0.68244645084258082      -0.36988419096991837       0.57351446672090500     
        1140   1.1103644935710595      -0.21040463361670622       -1.0902473108134387     
        1160  0.97745991777006025       0.81087922929303247      -0.54580469615805860     
        1160  0.54602026308465224       0.33652079080150710      -0.42999056391665291     
        1160  0.84531513792480473      -0.73382850171457192      -0.41958719293631702     
        1160   2.0470212363320415       -1.6616802428492083       -1.1954558597116642     
        1160  0.61824784729552384      -0.51858984800400598       0.33659318209484179     
        1160   1.4502496394041400        1.1628803133746513       0.86656413112793407     
        1160  0.11236388623021303       -7.8881634650170909E-002   8.0020813815364383E-002
        1160   1.5539726179688049       0.80155846415744070        1.3312906992593265     
        1160   1.2299087764560535      -0.73253902778245128       0.98795858778552414     
        1160   1.0189045977404667       0.39210869033578027      -0.94043466240872964     
        1160   1.1786789913675504        1.1673385319196470      -0.16311013637082628     
        1160   1.1697678118352233      -0.20476797074012040       -1.1517060439907136     
        1160   1.7074643878269746      -0.47887196897914003        1.6389375439666354     
        1160  0.54877240697906615       0.48546446372005403      -0.25588163108476186     
        1160   1.2906527283775633      -0.39269302756882996       -1.2294619357130478     
        1160   1.0384904485871500      -0.26976010993327953        1.0028419092237444     
        1160  0.68635764661438525       0.54427631314696245      -0.41815082687134197     
        1160  0.72294008586343250       0.70390397323041176      -0.16480765825248203     
        1160   1.5822123177588465      -0.93079545143982267        1.2794591224602518     
        1160  0.73023319212531324      -0.40252298631157990      -0.60927478232102494     
        1180   1.4924907578714044       0.12656444512559745        1.4871146907893853     
        1180  0.35977062225855788      -0.15544457179847160       0.32445629249361113     
        1180  0.40688054279483099      -0.39774056891654397       -8.5756725351194746E-002
        1180  0.60505564091686070      -0.51823262190953212      -0.31229357693376442     
        1180  0.66208623226182040       0.62327215761973187      -0.22336068697668643     
        1180   1.1305490800376463       0.33732850966017291        1.0790508324191290     
        1180  0.70778088889846635       0.64971488139598887      -0.28075676230947555     
        1180   1.1091791233528803       0.45747240877289219        1.0104441216086082     
        1180  0.79243043602129803       0.19101448820858469      -0.76906401633889809     
        1180   1.3916743850311888      -0.63331508389605418       -1.2392213678199997     
        1180   1.3231948453757563       0.76017888765893826        1.0830386223891513     
        1180   1.9943117179795185       0.78761192194614349       -1.8321972297977966     
        1180   1.6816616908251318      -0.49003115010773940        1.6086812966877333     
        1180  0.40157390238270640      -0.19387382465598307      -0.35167391030347495     
        1180   1.2914584582936643      -0.37914808280314810       -1.2345491812013587     
        1180   1.0932470868804611      -0.30730727911713351        1.0491670168158351     
        1180  0.77326766468180641       0.62537076799535518      -0.45481236106701656     
        1180  0.67108225954118439       0.55869930917456267       0.37176132262349171     
        1180   1.1517350726096154       -1.1477972516518729       -9.5158533928823383E-002
        1180   1.4449113623014005      -0.89433734269469423       -1.1348698438012537     
        1200  0.92157787358311583       0.18587951589240531      -0.90263756993024757     
        1200  0.80757430783325657      -0.79508729330346639       0.14146539753498402     
        1200  0.30372220574416087        2.1791219046280105E-002  0.30293946760792895     
        1200   1.2654643574941442      -0.37726252865051035       -1.2079209512895659     
        1200   1.1264125750050427        7.6206585839778927E-003  -1.1263867962171064     
        1200  0.94367499556606760       -1.0664484676486325E-002  0.94361473389471973     
        1200  0.52614446022724715       0.34015056232463187      -0.40140451913008901     
        1200   1.2403063044055169       0.52079073759146155        1.1256716823243855     
        1200  0.12669491329511676        7.1538142310615435E-002  0.10456526789332721     
        1200  0.83016416626785561        6.3228563351368630E-002 -0.82775279626934861     
        1200  0.34802801241083137      -0.34163076495349970       -6.6422269307216855E-002
        1200  0.96396784723363205       0.33773725410982564      -0.90286630111362454     
        1200   1.6893582607630075      -0.50929254044442052        1.6107614477184020     
        1200   1.3440645559973481       -1.3550138630691680E-003  -1.3440638729709906     
        1200   1.2907119764598010      -0.36390714256386680       -1.2383493036166200     
        1200   1.4396032782963242      -0.48189693880672163        1.3565518564545311     
        1200   1.7935305249217606        1.7393623493350379       0.43745898269646211     
        1200  0.51092814191052116      -0.39944651765382377       0.31857502370771495     
        1200   1.1504707704659682      -0.67275440956306476       0.93326550247505169     
        1200  0.99721695744530348       0.66519863194122997       0.74293501753517066     
        1220   1.9669007503778608       -1.2513264021341541        1.5175245622918219     
        1220  0.61226209357266570       0.29689602741485749      -0.53546019472156825     
        1220  0.22604832697539834       0.21749995009849019       -6.1576114163942507E-002
        1220  0.89308411799013399      -0.39816076911684545      -0.79941681477343074     
        1220  0.71117125210292664       0.56790024605815292      -0.42808160477265772     
        1220   1.3229314515077060       0.21891000008964537        1.3046938480919719     
        1220  0.48489686150501565      -0.47222368473942400      -0.11013517997686023     
        1220  0.90253341623908445       0.25441838977475623       0.86593178159287620     
        1220  0.73206276832794270      -0.71345814111435324       0.16399200483445137     
        1220   1.7610325006175609       0.48067823356105049       -1.6941617112932188     
        1220  0.35138091817045169       0.34069243054349285        8.6007077759199455E-002
        1220  0.29951633988711907        2.3322796577251909E-002 -0.29860690718600658     
        1220   1.7284687555030096      -0.55410547562468515        1.6372450521021171     
        1220  0.90024829621713132       0.89109719499366868       0.12803430757521003     
        1220   1.2893182691619827      -0.34947462378266791       -1.2410516051022269     
        1220  0.87760764696816207       0.45657467178877004      -0.74948966043433252     
        1220   2.2116857517227011        2.1495337075151495       0.52063298457683693     
        1220  0.55634350361727070      -0.55449553493754866       -4.5307789081590361E-002
        1220   1.0331237156905053      -0.72441903924378614       0.73658785457219289     
        1220   1.3299941066730747      -0.87985997771351643      -0.99736189189435176     
        1240   1.9027525256795672        1.2894361277047774        1.3992218003410613     
        1240  0.68273747959291065       0.34534762312997236      -0.58895287183216849     
        1240  0.59155381965915077       -2.2284026017512448E-002 -0.59113394737384339     
        1240   1.6072593837538327      -0.19384187200105746       -1.5955275163167435     
        1240   1.1736287849817819        1.1354913492435119       0.29675565829645539     
        1240   1.0180762655439426      -0.15313218795336220        1.0064938228705214     
        1240  0.66164721472337762       0.65975616336864773       -4.9988415140766712E-002
        1240   1.6856165412749202       0.46898411718403188        1.6190605368696809     
        1240  0.55660022657871766       -3.9362963207346807E-002  0.55520660060469107     
        1240   1.4586411058274329      -0.20123340664950762       -1.4446933901896659     
        1240  0.21750901604380979        7.6943393445855338E-002  0.20344504482877585     
        1240   1.0424407957665534        1.0300890745022964       0.15999784770242237     
        1240   1.9012015426586453      -0.70209515184469762        1.7668134320192903     
        1240  0.19862279953991840      -0.13591491086614013      -0.14483837026604446     
        1240   1.2869582464154188      -0.33890357440816715       -1.2415336867238109     
        1240  0.18699705289187868      -0.10860460849866313      -0.15222659689784890     
        1240   1.0978766091134848      -0.98010280890096868       0.49470347969562017     
        1240   1.2017007757765796      -0.84678640513005343      -0.85266496268402781     
        1240   1.2548916772273617       -1.1204616937500782       0.56508292702328822     
        1240   1.4146808721491926      -0.16332423934341117       -1.4052213928302175     
        1260   2.1744895942100531      -0.76321617941112052        2.0361498124678583     
        1260  0.87964533940243372      -0.45431917871818017       0.75323967432767447     
        1260   1.2387597394326726       -1.0802473981809477      -0.60629304033824738     
        1260   1.2210517384198167       -1.1431468382786145      -0.42916506618277284     
        1260  0.66912408768109566       -6.4845754827921858E-003 -0.66909266547756041     
        1260   2.3609970789311072        1.5776464984216911        1.7565132315866563     
        1260   1.5153644438196394      -0.54861659950472652       -1.4125683078494560     
        1260  0.59564193273757771       0.21243828093416572       0.55647038450315889     
        1260  0.52168331919369060        2.7852226107260430E-002 -0.52093928535465250     
        1260   1.5893042875295584       -1.0151500358101082       -1.2228485282955421     
        1260  0.69730442040286533       0.67289075738705717      -0.18289746673053872     
        1260   1.4191747244248987        1.3408957639835488      -0.46481765088845534     
        1260   2.7559126284534314       -1.1531640331177355        2.5030515632708683     
        1260  0.97514911465319953       0.96398848998792330       0.14711215782430170     
        1260   1.2853726343783412      -0.32983655636558917       -1.2423327474125465     
        1260  0.28331436412029232       0.23829120618498806       0.15324597864801898     
        1260  0.32565800154147134       0.10823312001002675      -0.30714609829994599     
        1260   1.1818600359281650       0.88474835981641986      -0.78359012520977978     
        1260  0.45163848135770857       0.43306058376073725       0.12820237375301102     
        1260  0.19530061717390165        3.4136108286076536E-002 -0.19229419434706849     
        1280   1.1741569363721751       0.55724212789135075       -1.0335016797925447     
        1280   1.7943888399432257       -1.7245732809483341      -0.49565946732801697     
        1280  0.31289321852413032      -0.18970296818373056       0.24882714896222979     
        1280   1.2200529697458065       -1.0287043371723856      -0.65596999601222938     
        1280  0.28312180788351760      -0.20020503801012590       0.20018966220710671     
        1280  0.67826274558782329       0.67824422324622691       -5.0125527882150158E-003
        1280   1.4682694916609169       -3.2828663294824131E-002  -1.4679024419246951     
        1280   1.1559466010310566      -0.13582940047754624       -1.1479385516660563     
        1280   1.9355340378822941       0.99974910865983990        1.6573453869169195     
        1280   1.3986000108243433       -1.0889202717187416      -0.87768709237280873     
        1280  0.96808197974912413       0.95358675466918574       0.16689823496512410     
        1280   1.1788542785607801      -0.46922598433956836        1.0814455075044791     
        1280   1.7612596916679548       0.71650229446588887        1.6089313731540622     
        1280   1.2419435637001248       0.68399775860112233        1.0366151077641146     
        1280   1.2814825683353150      -0.31301411990064154       -1.2426663806871505     
        1280  0.54784614887783600       0.22009037162252160       0.50169276570360910     
        1280  0.23781514315997457       0.23772239139841378        6.6413058970783961E-003
        1280   1.4370026120398625       0.81322922081884164       -1.1847509195673862     
        1280   1.6415195506655549        8.5074839754975817E-002   1.6393134864503220     
        1280  0.76332313778164707      -0.76243502707181121       -3.6810897392293429E-002
        1300   1.2951895232209674      -0.23812505169803547       -1.2731112916061835     
        1300  0.58043601186099025       0.52509011787427218       0.24735871113804445     
        1300   1.4368185568131169       -1.3417193951412492       0.51403952173381395     
        1300   1.4107829061577346      -0.75250138702497749       -1.1933356907561041     
        1300  0.28163016877368841      -0.11921852667183370      -0.25515190546357575     
        1300  0.82403899308617168       0.41967796346721697      -0.70916194843384051     
        1300  0.47135614618816124      -0.34548076303902603      -0.32065504661446947     
        1300  0.68529280848040297      -0.39710961682359058      -0.55850710432471606     
        1300   1.1543986527825010       -5.5919729093437509E-002   1.1530434655485324     
        1300   1.4910692214837917       -1.2763348225396753      -0.77088056404925409     
        1300   1.6939848433731237        1.6930195475892091       -5.7179201277179209E-002
        1300   1.6655238175313563       0.44366019732675571        1.6053458244478684     
        1300  0.89388239023143712       0.85419174355990812       0.26340499767459119     
        1300   1.4849330818536421       0.54865644800895874        1.3798559198849525     
        1300   1.2706326280657048      -0.27147731229679750       -1.2412926103112298     
        1300  0.57802015775384841      -0.57666369666404116        3.9576302499684482E-002
        1300  0.50342145475821687       0.32784230128443925       0.38203741518260015     
        1300   2.3931367273439639        2.3900447324670404       0.12161238657773048     
        1300   1.1603376757358574      -0.46281519151858463        1.0640421139370884     
        1300   1.4197324623059020       -1.3648175590564713      -0.39104129579408248     
        1320   1.3874955877558171      -0.94942575525037176        1.0117977768848483     
        1320   3.4149490878217281E-002   6.3516778093532678E-004   3.4143583425462344E-002
        1320   1.5046539620034514        1.4210030542331722      -0.49470583707156734     
        1320   1.4332968459013093      -0.92795975360042415       -1.0923509253753949     
        1320  0.74658302332770976       0.50175724348301154       0.55283440498351177     
        1320  0.48434574707089645       0.46312025376629401       0.14181125927481303     
        1320  0.84873579505881669       0.27962808168726300      -0.80134922833058442     
        1320  0.65429797334060236      -0.65285896989160885        4.3370535501501509E-002
        1320  0.83209268838374406       0.81364517638555900      -0.17424054925934751     
        1320   1.4751593508440535       -1.3225363290786309      -0.65344683689636807     
        1320   1.3090397938662441      -0.88987804109176427       0.96005325576660749     
        1320  0.60780079381103014       -8.1991483511941299E-002  0.60224513413462244     
        1320  0.57354828735710528       0.13353461245931492      -0.55778682774480182     
        1320   1.4275508975974700        1.0962220840748778       0.91443901251962889     
        1320   1.2499503743858524      -0.17863072957408255       -1.2371204471995294     
        1320  0.71403958179946581        5.0634596522246639E-002  0.71224199680402545     
        1320   1.3775704996615152      -0.73524907289494901       -1.1649503347116541     
        1320   1.9898967315692431        1.9880437615623943       -8.5854553885056889E-002
        1320   1.5531533625116869        1.5507120970114731E-002   1.5530759468488906     
        1320   1.0586985687295782       -1.0252010180213298      -0.26420736567720132     
        1340  0.91753275497150943      -0.85443707650726453       0.33437051116288202     
        1340   1.2126665737885234        4.4957282541068955E-002   1.2118329348266281     
        1340  0.75091552711411613       0.71743033468652007       0.22173823245588173     
        1340   1.4806265802140879       -1.3686823519215079      -0.56476870449333016     
        1340   1.3291082804791454        1.3275689412093483        6.3949414184340816E-002
        1340  0.80205385767097770      -0.34543726758001858      -0.72385322046099065     
        1340   1.5253945490863754       -1.4042333479327944      -0.59578287566518906     
        1340  0.17539001282670852       -9.4638504251825795E-002 -0.14766587321493796     
        1340  0.71746861742271595       0.53456322899194586      -0.47854296692791115     
        1340   1.8593627070823324      -0.86558424940625123       -1.6455982449153124     
        1340  0.76741260911506304       0.18445060214813525       0.74491616172290076     
        1340   1.1929144578336426       0.62718284764098187        1.0147347334813579     
        1340  0.35384701025184395       -1.9653997831356174E-002  0.35330076002382671     
        1340   1.7464009992883449       0.93521465528740622        1.4748864359166736     
        1340   1.2234109517069145       0.12276367741499347       -1.2172359821595671     
        1340  0.98056349173676305      -0.44190208840569251       0.87534410696004605     
        1340   1.5702724649578115       0.36117762781782814       -1.5281709117008371     
        1340   1.9635530166579152        1.9623979163349774       -6.7341422546143184E-002
        1340  0.92298481399954913      -0.50110494064583011       0.77510954408658994     
        1340  0.92757285884970797      -0.92203328958058384      -0.10122263274499139     
        1360   1.0455868074855410      -0.71503240468196305       0.76287642003311062     
        1360   1.2576229100113914       -6.7765199832485384E-002  -1.2557958677576477     
        1360  0.83780084845978464       0.83762805465426049        1.7014809315833275E-002
        1360  0.64775532430764660       0.25992547030545643      -0.59331754571678708     
        1360  0.34145233693692406      -0.29386290134523391      -0.17388011275775056     
        1360  0.79867752982675455       0.79300450858826810        9.5024449531927305E-002
        1360   2.1402228630798108        1.6612431996903467       -1.3493794629873843     
        1360   1.1071082042750655       -2.1255644132015129E-002   1.1069041392847410     
        1360  0.72958945569680211      -0.24351335958675721       0.68775142134838707     
        1360   1.9674830723041825       -1.8770078839756454      -0.58977202654650807     
        1360  0.68818134671881126       0.63544867737367527       0.26419414148645193     
        1360   1.1854262033193108       0.21978290101067249        1.1648737098670263     
        1360  0.21180224290971475       -4.0888067510975214E-002 -0.20781808399849072     
        1360   1.2429055748891928        1.1001505533021885       0.57834507705998772     
        1360   2.4434920479647557      -0.85584751188224206       -2.2887067144726019     
        1360   1.0059486511088278      -0.68671694207957734      -0.73508675007004753     
        1360   1.2017733100899048        1.0468766444614928       0.59017656690645703     
        1360  0.40862942515411310      -0.37892531731375445       0.15294970088382454     
        1360   1.2865650446439438      -0.37921727336699645        1.2294079362358834     
        1360   1.1332633798269920      -0.99402750366819004       0.54423819234603832     
        1380   1.0155259950382407      -0.66018876467017251       0.77165007717337808     
        1380  0.14234558332933711      -0.12443584818513878        6.9122968540235211E-002
        1380   1.4242975788581489        1.1796988623752060       0.79808156679115805     
        1380  0.23074885305256185       -4.7706898756979234E-002 -0.22576333846766200     
        1380  0.99011930536356274       -3.7870038851589113E-002 -0.98939481452603295     
        1380  0.79513738247555488       0.78885032193693438       -9.9792918536697278E-002
        1380   2.3652689818095607        2.0033188525504904       -1.2574620993597474     
        1380  0.32556540932501221      -0.15562744796628267       0.28595967056293925     
        1380  0.62848253592483960      -0.60208611270242074      -0.18022932850511669     
        1380  0.95544742404877681      -0.32377303537775259      -0.89891645979129764     
        1380   1.2017764284642904        1.2001788437511336       -6.1946162307103786E-002
        1380   1.3739437094112643       0.69623501673359545        1.1844737726538122     
        1380  0.75239309789004871       -4.3873008153028435E-002  0.75111286296280977     
        1380   1.2483503553879709       0.51264357198190591        1.1382333582806761     
        1380   2.6049853903166000       -1.6452287625706830       -2.0196958193186094     
        1380   1.3901770313323740       0.18968445871651315       -1.3771753644926690     
        1380  0.76663303817060269      -0.64906462524514030       0.40797221409070777     
        1380   1.3732020002675009       -1.2569943669522123      -0.55285522064015347     
        1380   1.4238447692427292      -0.21369860726015014        1.4077168863642124     
        1380   1.1733908789884406      -0.81006241134330470       0.84890814851898799     
        1400  0.94072287796738574      -0.65073167997926518       0.67934366398944512     
        1400   1.3602638992865330       0.99191221465656576      -0.93082116118903846     
        1400   1.2637258602996881       -2.3204503091509957E-002  -1.2635128020825366     
        1400   1.0720826312516567      -0.20020908737235091       -1.0532224311915341     
        1400   1.0776576616434692      -0.29920983496515247        1.0352871632349143     
        1400  0.54261255904847527       0.51659540245414437      -0.16600475716188301     
        1400   1.0213150297035236      -0.35892114603241720      -0.95616944148465943     
        1400   1.6442342818546418        1.4095923526972891       0.84649617414573775     
        1400  0.65846145478120355      -0.20269407617231699       0.62648750898739392     
        1400  0.80552659060356169      -0.57535690193411471      -0.56377080765695531     
        1400  0.64968145028896940       0.32536425480197156       0.56233805539616144     
        1400   1.6070326039050444        4.5507388647464113E-002   1.6063881435046501     
        1400  0.68612171630246777      -0.28194799609307142       0.62551445793118599     
        1400   1.3982536206728300        1.3914741061218305      -0.13752454223567273     
        1400   3.0007776442401179       -2.5886651983737456       -1.5177216348526783     
        1400  0.22835851694513065       -3.0135347154419317E-002 -0.22636137725606406     
        1400   1.2393029543309211        1.1500295256468369      -0.46184835471598301     
        1400  0.56355042840783742      -0.10341625237946701      -0.55398029216069000     
        1400   1.0426155592885931        6.0298443937565366E-002   1.0408704540572635     
        1400  0.99262639683200826      -0.57628166540469028       0.80821198073654665     
        1420  0.85603789899481353      -0.64001384758787327       0.56849200470298711     
        1420  0.96515926680191577      -0.92581010387602281       0.27277841163603744     
        1420   6.9811612363937708E-002   6.7469962143229256E-002   1.7929457025908809E-002
        1420  0.42228135326487759       0.38672935783995482       0.16959347009809225     
        1420   1.6555341395140390       -1.3753286231497324       0.92155545977523845     
        1420   2.1603993639271653       0.18282794567660324       -2.1526493801677442     
        1420   1.1572967992566974       0.22394532642981405       -1.1354225523302066     
        1420  0.29560480785119281      -0.14480801857087497       0.25770688811577730     
        1420  0.57887004798599473      -0.55358149077745222       0.16922785091089870     
        1420   1.8574457937161426       -1.8503649823506580      -0.16203181380284457     
        1420  0.98905249894787872       0.96661998607386979       0.20945321243083254     
        1420   1.2081358857642115       0.87204848986603423       0.83613620289618185     
        1420   2.3739204944349677       -2.2845673351610425      -0.64517486390399192     
        1420   1.1433311264477248        1.1209809722618844       0.22496160679330066     
        1420   1.7939786095099746        1.3664805959285078        1.1623639844430023     
        1420   1.6143128209448725        1.1327704955448352       -1.1501464638428014     
        1420   1.7758233316196359        1.0852485034673378        1.4056259071483306     
        1420   1.0714700974104787      -0.54987246344899143      -0.91961320324653784     
        1420  0.93860425585412810       0.86854103871814103       0.35582919100306293     
        1420  0.40976206032720486        5.0684190982960890E-002 -0.40661536968983186     
        1440  0.79888271541481415      -0.61970041650727092       0.50416761773170427     
        1440  0.40548488699381374      -0.25782378433709496       0.31296148295035453     
        1440  0.44976177976697768      -0.12416623637236560      -0.43228278277567472     
        1440  0.27455913044812652        7.6678162866467364E-002 -0.26363454904821343     
        1440   1.1970210254335081        1.1969360102925650       -1.4266134543178516E-002
        1440  0.75039319935708548       0.73390569352213353       0.15643652596870980     
        1440   1.4888899187687936       -1.3657932542025299      -0.59279168093539270     
        1440   2.0265501943190136       -2.4609920854893497E-002   2.0264007604346057     
        1440   1.2207140393446450       0.46633586929154663        1.1281283716249746     
        1440   2.1253101820322891        2.0639502907615270       0.50700351785320952     
        1440  0.75156928517555444        3.6282821409716261E-002  0.75069297804751345     
        1440   1.6325505820193182       0.63428698886407875       -1.5042943257917829     
        1440   1.6902723891091100       -1.6874667375238159       -9.7348647321612455E-002
        1440  0.99855647761614419       0.86592094272500830       0.49728860829441285     
        1440   1.5342386567806998       -1.4087314946637963      -0.60775310110484215     
        1440  0.85466047293402281       0.67531443161307803      -0.52382720667307159     
        1440   1.4271811110581960        1.1450812831092296      -0.85184199170634189     
        1440  0.63026405401397645      -0.52453314041481458      -0.34942490235915502     
        1440   1.0370334902363261      -0.65500938652634044      -0.80399077322698376     
        1440   1.2370383523231629       -1.2268581230415925       0.15837623257694525     
        1460  0.76629897640198474      -0.60250458780262084       0.47350009811141913     
        1460   1.1773553388393077        1.0487521911979885      -0.53505554417353596     
        1460   1.2908800898317465       -1.2853404154812960      -0.11946305978999158     
        1460   1.6998298342127656        1.3691600855172774        1.0073838024835022     
        1460   1.1514813252009659       -1.0614812245122616      -0.44628113593845997     
        1460  0.59051619429126290       0.55516167508433778       0.20125826750170728     
        1460  0.94714235951812820      -0.76530323125200039      -0.55802295062910667     
        1460  0.93824281706127555      -0.71882289244340070       0.60298692611563431     
        1460  0.85788359499135369       0.23896458963909312       0.82392972239985907     
        1460  0.72109733842611012      -0.39311508914786863      -0.60451790558219476     
        1460  0.66728013677329556       0.58268513406001388       0.32517812884271852     
        1460   1.4867610542182490       0.34086963541041482       -1.4471580162495492     
        1460   1.3429630189072095       0.24117913566629995        1.3211291741050994     
        1460   1.3579619549669555        1.1712152177229616       0.68725219891378397     
        1460   1.8487094975583036       -1.5714221697797315      -0.97383734303375136     
        1460  0.84206363665930939       0.83363361068509323       0.11885357091831854     
        1460   1.8497246079242773        1.8049437596775215      -0.40454808065518560     
        1460  0.39810241024099802      -0.36118800701112069      -0.16741789818005282     
        1460  0.82865687556519529      -0.79906869064691755       0.21945715994082371     
        1460  0.81854629195034612      -0.62831872657419163      -0.52462711510352522     
        1480  0.75085548482375286      -0.59351028517029591       0.45992336371072401     
        1480  0.66547425880302946      -0.65293804382646659      -0.12856088072780425     
        1480  0.34621809532808473       -5.3322240802165521E-002  0.34208728150640538     
        1480   1.3846684190672176        1.1464811818585774       0.77645832496423628     
        1480   1.3017307175152852       -1.2902041790267227       0.17284686096322383     
        1480  0.76935240899550450       0.67906887082058953       0.36161941030541417     
        1480  0.62745184892181349       -1.4608384038645303E-002 -0.62728176908880562     
        1480  0.53798592867501627      -0.47543497019894049      -0.25177459872721930     
        1480  0.76302885947756161       0.13373482529064079       0.75121770273344213     
        1480  0.54597569646604616      -0.50665659264182372      -0.20344178101894711     
        1480  0.75083450713764355       0.75083063349789791        2.4118270612621864E-003
        1480   1.5208602378420355       0.89770813462545440       -1.2276546615706796     
        1480  0.48394070540875350       0.33716011444307992      -0.34716230149636240     
        1480  0.78322522698055608       0.59644596705457453       0.50763566124049730     
        1480   1.5500406412845824       -1.4949105064261878      -0.40971766792575326     
        1480   1.0414698268604539       0.18242083091355046       -1.0253692216511834     
        1480   2.0809668237783616        2.0649015916190727       0.25807816373188930     
        1480   1.3204143497233973      -0.85860228668506977        1.0031431444488026     
        1480   1.0984150278843154      -0.86143585757575913       0.68150116416981843     
        1480   1.0960356011093744        1.2871196278631434E-002  -1.0959600226310924     
        1500  0.74787891785282512      -0.59728702091607744       0.45007898241743088     
        1500  0.77842212284276291       -1.6607667099717841E-002 -0.77824494005713807     
        1500   1.5193888745200848       -1.5016191285048233       0.23169493935739111     
        1500   1.3771971983319156        1.1406307236072273       0.77177307251324234     
        1500   1.4758371035382041       -1.0877874435479982       0.99740344587300600     
        1500  0.25990009472181530       0.24662871839892456        8.1989843866862686E-002
        1500  0.95040787450764141      -0.72850499643493416      -0.61037332682176504     
        1500   1.1432019506155318      -0.20822456657127367       -1.1240788360997469     
        1500  0.67255246341227970       -2.6118209459978791E-002  0.67204512882434508     
        1500   1.0312759161662592      -0.29948799829809780      -0.98683177600843197     
        1500  0.86230540746454920       0.85016703540623872      -0.14417568328664021     
        1500   1.5703995373450517        1.1730280167256670       -1.0441072640635161     
        1500  0.77107896548489785        6.9921989394967174E-002  0.76790213335574886     
        1500  0.52963640356170516       0.36232832448116781       0.38630675020823418     
        1500  0.37703983851870998       -9.7664703252464888E-002 -0.36417117619166794     
        1500  0.73832677614697428       0.70586273009378009       0.21652767638373530     
        1500   2.1103603912997277        1.8609214920452402      -0.99528497507540914     
        1500   1.3450991498222475       -1.2551387759702783       0.48365108901806958     
        1500   1.2658268344463237       0.20121466757932618        1.2497320642263052     
        1500  0.83440976194952121      -0.79226318766783521      -0.26183714843974537     
        1520  0.74319494482795589      -0.61710829572122594       0.41414499558714019     
        1520  0.48768979988096317      -0.35292944183172653       0.33657413744415932     
        1520  0.35516478234662979        1.2219387537380794E-002  0.35495451706879322     
        1520   1.4138739457010310        1.1604519984122426       0.80770705934344433     
        1520   2.3662379319171287       -2.3438542971123906      -0.32469829742582962     
        1520  0.31864826480503594       0.30054848921836663       0.10586464136725565     
        1520  0.10074565400903719        6.3744028807263056E-002  -7.8015290764871528E-002
        1520  0.52652483067902178      -0.11246053104617632       0.51437440282189839     
        1520   1.0424289448276056      -0.56375605373391979      -0.87683363125096470     
        1520  0.41025670274865855      -0.31934729938608614      -0.25754196653169875     
        1520   1.0880111322570851        1.0864925912009771       -5.7463668354281128E-002
        1520   1.6233985105717688        1.5739420529560000       0.39765454613683132     
        1520  0.53916225583285093       0.34663090378584044      -0.41296846690198996     
        1520  0.40082899198312133       0.24731356337057661       0.31543601916577774     
        1520  0.76461061576698353      -0.76054388745842127        7.8755247401032846E-002
        1520   3.1078004992065345      -0.25913617383623883       -3.0969779441058183     
        1520  0.81636017928229632        9.2176929562011969E-002  0.81113954161681878     
        1520  0.62760798321466449       -9.9588110168473118E-002  0.61965634742803266     
        1520  0.54336097465527322       0.48409266485566499       0.24677001562440529     
        1520  0.11844967854323031        6.1111480596683490E-002  0.10146779433039713     
        1540  0.69608885593619296      -0.64959960480433787       0.25012006876019799     
        1540  0.72679925120802624       0.71739684727195185       0.11652860198599971     
        1540  0.56882398657902367      -0.52961627166586023       0.20752670308759535     
        1540   1.5393288045656999        1.1922359339165298       0.97370768018119602     
        1540   1.4838000429706686       -1.2695059365854027       0.76812579991442642     
        1540   6.9501968671946662E-002   5.0426747777337383E-002   4.7829559457275538E-002
        1540   1.1135519901228061      -0.55011614368305572      -0.96817883842074637     
        1540  0.87242368096319856      -0.39937711428695105      -0.77564231427198749     
        1540  0.28168680612585478       -5.8243708849437794E-003  0.28162658512501887     
        1540  0.12573865202186077      -0.12363836739775937        2.2885862874081651E-002
        1540   1.6687492781531825       0.58070459997249002       -1.5644508048857140     
        1540   1.7720846785151037        1.5887255981070669       0.78500642146884436     
        1540  0.81308575567480046      -0.71069024709134399       0.39500356804781611     
        1540  0.34042151923992386       0.21495504759487441       0.26397185129309364     
        1540  0.26914411260421212       0.22526425395788913      -0.14729076426682169     
        1540   2.7875788690265022       0.20526611440407097       -2.7800111102872465     
        1540  0.45728999361246253       0.14400174323998319       0.43402492578414431     
        1540   8.8421185574483613E-002  -8.2205999489188136E-003   8.8038217808387650E-002
        1540   1.4612335782896531       0.20813352891848758        1.4463346792707146     
        1540  0.89403300692468657      -0.88052175880291517       0.15484330707336849     
        1560  0.57056780336424262      -0.50674362930480310      -0.26221844404025701     
        1560   1.5084462956356963       -1.5011111691014096      -0.14857821110800196     
        1560   1.0212661653083213      -0.73651607403840369      -0.70748049661218249     
        1560   1.8257153443052214        1.0450856420467869        1.4970078554300204     
        1560   1.2883490087299256       -1.1593450789431741       0.56192718053643498     
        1560  0.43605719241339164       0.42750415158283084       -8.5942279670099958E-002
        1560  0.89879013302912381      -0.51396248020311341      -0.73733728521889785     
        1560  0.14652715107071848      -0.10185814152294276       0.10533339929193078     
        1560   8.3700639150159434E-002  -2.7139312894049514E-002  -7.9178625207716763E-002
        1560  0.50761360247480614      -0.45960748336817497      -0.21548208892950554     
        1560   1.9489043845776148        1.7528493280203763      -0.85190817197886226     
        1560   2.0990805289781598        2.0678983551878503       0.36046561520707443     
        1560  0.31198635472333386       0.27082487413053180      -0.15488503183243857     
        1560   1.8819423597840947       -1.3556246228784470       -1.3053692685962066     
        1560   1.1343352776394926       0.67425549658643569       0.91219298803512161     
        1560   1.0588634463046689       0.95573192848442146      -0.45581605807128928     
        1560   6.6233979012001440E-002  -3.1086139821219949E-003   6.6160989222293243E-002
        1560  0.85975609045335755      -0.54060038315269321       0.66852955118439095     
        1560  0.84176134064543351       0.19338442156449381       0.81924637326103777     
        1560  0.48210158476346521      -0.48191720820582307        1.3332009096532533E-002
        1580  0.64093270827027926      -0.25703275581125162      -0.58713618434801684     
        1580   1.1886417145499857       -1.1836021528439420      -0.10933923976100784     
        1580  0.77550107432360638       0.77470523361311150       -3.5124311943752540E-002
        1580   1.9998842405321124       0.78499729818198094        1.8393793022037881     
        1580   1.0914667528298605      -0.95148882823306058       0.53476039707577172     
        1580  0.62990619833246564       0.62946390217939707        2.3601155707846405E-002
        1580  0.90963964880515003      -0.55557802651134203      -0.72026199895324150     
        1580  0.38393165461589418       -2.7431531671895024E-002  0.38295042301351762     
        1580  0.16522808891679389        1.4033014707195316E-002 -0.16463109021483027     
        1580  0.66632823069920855      -0.62802159083673004       0.22267059183834886     
        1580  0.73041127601106104      -0.54565105602400665      -0.48555695565401258     
        1580   1.9489819611825407        1.8267996330424801       0.67921556646679038     
        1580  0.35652440908504562       0.35644314337658173       -7.6118206273247842E-003
        1580   1.7313929818628431       -1.1086373547580775       -1.3299040842402583     
        1580  0.96018697532669495      -0.30644375264579932      -0.90997321611758841     
        1580   1.0952779037857239       0.88878650261947167      -0.64007205788309274     
        1580   2.1884701348011113        2.1883961638989136        1.7993352909166972E-002
        1580   1.2355050314691634      -0.80266336428510332       0.93925726317135183     
        1580  0.20991875805549698       0.18287506615184565       0.10306597480992624     
        1580   1.3035106751970171       -1.2799495441414210       0.24671693254568519     
        1600  0.61510141879189018       0.45709864823414581      -0.41159516661680184     
        1600   1.4508870187174212       -1.4502528632878671       -4.2892582203337401E-002
        1600   1.0690748632480649       -1.0689853133163363       -1.3837020735802978E-002
        1600   1.6890376549799770        4.3560102054330460E-002   1.6884758563418301     
        1600  0.80859888283827153      -0.64825978598056866       0.48331294541707459     
        1600  0.92621292164640545       0.77919975038085787       0.50071761026668438     
        1600   1.1528487431321086      -0.94745832612159253      -0.65679749147218314     
        1600   1.3073350803376738        1.2495027012781401       0.38453609944989947     
        1600  0.15601784429547652        6.8625527502435404E-002 -0.14011461277689791     
        1600   1.4393151397921047       0.46712918163351058       -1.3614030994900712     
        1600  0.57238151787664537       0.52189739197159557       0.23503981420180561     
        1600   2.4826122073576040        2.4820149875043129       -5.4451574127484234E-002
        1600   1.0200276112942936       0.45555801955394143      -0.91264627245326180     
        1600   1.8231965303984439       -1.1359197291456677       -1.4260897438080664     
        1600  0.79340789561500391       0.65988590105028111       0.44050730575018565     
        1600  0.60770648093103308       0.60533278275589475        5.3659939308433900E-002
        1600   1.2997162812082153        1.1923576368758071       0.51724817778475851     
        1600   1.0045534958670457      -0.94378276122328486       0.34409566355369042     
        1600  0.70958781727054987      -0.69239403227726937      -0.15525905605022502     
        1600   2.1604939804630052       -2.0951098194340068       0.52749320766061314     
        1620  0.63073597984365759       0.62340444133920281       -9.5889409153958383E-002
        1620   1.6144552742405491       -1.6132901053479418       -6.1325920372661109E-002
        1620   1.5562234523639702       -1.4789447127813935       0.48430772265533312     
        1620   1.4593676851251163      -0.25100237906279838        1.4376202023108382     
        1620  0.78619102618971082      -0.59524647688077803       0.51359318669765464     
        1620   1.3802793257035064       0.54781489922765070        1.2669135144707888     
        1620   1.3738685539758941       0.29849911719901479        1.3410492461633254     
        1620  0.52083901848557146      -0.49405474236569685      -0.16487326867317945     
        1620   1.4623636940662710       0.19696682847779148       -1.4490381783108928     
        1620   1.1341837697261830      -0.84270876513411297      -0.75908811127327858     
        1620  0.88122807809089654       0.64993952317130665       0.59509792625720837     
        1620   2.3205282094141824        1.4718368639417334       -1.7940310523034861     
        1620  0.28306884258184173       0.17996662245246173       0.21849481559908140     
        1620   1.2677455954162453       -1.2461229624389880      -0.23314471295650457     
        1620   6.1387566823009249E-002   5.0808275399278562E-002   3.4452177164883073E-002
        1620  0.53739416814048557       0.48341556871176572      -0.23473789612775472     
        1620  0.78866114931555986       0.60820715294397065      -0.50206619837181743     
        1620  0.77646496418809019       0.76161814541739603       0.15111466236794602     
        1620  0.27090306327716390       0.24384746394263457      -0.11801221979819121     
        1620  0.74934091788586499       0.40504524179709489      -0.63043648634542360     
        1640   1.2222068522377318        1.2080385029603706       0.18556013855925871     
        1640   1.2403424536098278       -1.1783792174468424      -0.38713282231840696     
        1640  0.16074868959411087        9.2950558933482166E-003 -0.16047972813462560     
        1640   1.3674999507083323      -0.32162238340233557        1.3291407591680771     
        1640   1.7557285097546771       -1.5302376733471164       0.86078758299279812     
        1640   1.0648996108705544        1.0513540295250228      -0.16931002874536316     
        1640  0.89350531873009109      -0.34072432948307396       0.82598951924178265     
        1640  0.77087941039000674      -0.66065296993416245      -0.39723131633900033     
        1640   1.8108823320822485       0.20375359104625357       -1.7993830317037556     
        1640   1.0052416354610951       -4.3810443235271196E-002   1.0042865082873642     
        1640   1.0347258791710898       0.95428236486765528      -0.40000351639576875     
        1640   2.1259770286377688       0.92387244180064276       -1.9147422901207345     
        1640   1.1199414520461057      -0.32526435430421818        1.0716678383856630     
        1640   1.2086379718378815       -1.1705517674084118      -0.30102210348316771     
        1640   1.3825747517696239      -0.53769627842920709        1.2737329611791544     
        1640   1.2255716667698457        1.1618676836643596       0.38998640494949766     
        1640   1.3553232145551501        8.9485356644056976E-002  -1.3523658480079979     
        1640  0.16101499037724509       0.10544782264772520       0.12168230695149652     
        1640  0.91136341237019380       0.90820666066224209        7.5788725650870012E-002
        1640  0.56809582293986560      -0.50666409271091284      -0.25695206011851851     
        1660   1.2708619000289092        1.2675072230592510        9.2278970723104287E-002
        1660   1.7834848661833538       -1.7805299017019680      -0.10262327733139227     
        1660   1.2493937428849620      -0.54636138898608033        1.1235986638410067     
        1660   1.3422660731655769      -0.34340540045974410        1.2975942902565580     
        1660   1.6981140027016595       0.10948920916681197       -1.6945805614509679     
        1660   1.2315937110241577        1.1043920970473906       0.54510656298885596     
        1660  0.80243569008606475      -0.41053309679144662       0.68946763025012547     
        1660  0.54378063228868967        3.2149235734523891E-002 -0.54282944162413771     
        1660   2.0392966737723359       -2.0362567202653086       0.11130809868685533     
        1660  0.69753056086555154       0.67998553499539427       0.15546239268208348     
        1660   1.0034549411046751       0.13444268941010679       0.99440785500294837     
        1660   1.9889445181006058       0.88416316725438782       -1.7816160612638010     
        1660   1.0322042962368609       0.24554087255207546       -1.0025743808197967     
        1660   1.2118160081597447       -1.1566952800370254      -0.36132266296523113     
        1660  0.36731973333206558      -0.15227214307480880       0.33427081975330231     
        1660   1.4562458555973385        1.2800841257709832       0.69428857321258164     
        1660   1.3774491851578348        1.3598289989032495       0.21961637332805939     
        1660   1.8004314703710629      -0.12886514591307971       -1.7958138137544515     
        1660  0.12081094673978898       -4.7017068773967524E-002  0.11128647759754165     
        1660   1.0385753980268542      -0.49564700788208549       0.91267349088497918     
        1680   1.4180731792598646        1.4143753151289753      -0.10234260935696335     
        1680  0.94784576528541642       0.53538600376355383       0.78215946056005003     
        1680   1.1487063999513876      -0.49512321070269355       -1.0365227443296812     
        1680   1.3547099105944316      -0.40354180397358341        1.2932103287201655     
        1680   1.5664435369553953        1.1617909331311582       -1.0507079433237199     
        1680   1.2687752679786481      -0.80028753572793510       0.98454585509909065     
        1680  0.91638409204471405       0.27631214002796572      -0.87373417320474578     
        1680  0.14506832091114646       -4.2466124464630725E-003 -0.14500615164436617     
        1680   1.1107604002653224      -0.53017922771711767       0.97606283265723226     
        1680  0.58725182793649222       0.41348683315892643       0.41700521365919824     
        1680  0.61111471018376040      -0.59624010331986588      -0.13401092565942940     
        1680   1.9639362164303316       0.96959753823481964       -1.7079010732638069     
        1680   1.1800268500509852       -1.0735044090070849      -0.48995066147888811     
        1680   1.3919573640928193       -1.3526441505942663      -0.32847999226032848     
        1680   1.0263325300376109      -0.43328283770451359       0.93038940490749766     
        1680   2.2975536516333070        1.9369032366085257       -1.2357825998730365     
        1680  0.74008748915434286       0.22124370575753907       0.70624408972072183     
        1680   1.6963094058828685      -0.43825859644565196        1.6387174872833261     
        1680   1.1673510091856365       -1.0378656210212998      -0.53436254673095873     
        1680  0.25248606974841636       0.23607840285780449       -8.9533251482956586E-002
        1700   1.1217951189294715       0.72341612116068066       0.85737588285350219     
        1700   1.3333935963235666       0.63113846079760394       -1.1745649092403221     
        1700   1.5778692972349373      -0.55901613897040447       -1.4755244747300182     
        1700   1.3808677560299740      -0.37286402310663858        1.3295744356432204     
        1700   1.1226599179183132      -0.97869110706236218       0.55002637051090708     
        1700   1.1448614130711154       0.45262918530902713        1.0515866468083730     
        1700  0.55739758783117077       0.42124714644236644      -0.36502453689330427     
        1700  0.66601599352647822       0.59691370900882867       0.29541720943503824     
        1700  0.64084729291826326      -0.37522090561785082       0.51951373882505381     
        1700  0.45272846575824865      -0.41265233157673359       0.18622866844850519     
        1700   1.4103105059828378       -1.1274454538880929       0.84725584789521546     
        1700   1.9648877117286472        1.0074498105583847       -1.6869583868335682     
        1700  0.79776645512295341        7.0623057383467580E-002  0.79463431884436930     
        1700   1.6791998351504984      -0.46009658818998189       -1.6149375269357633     
        1700  0.34046288275811470       0.11331406625702364      -0.32105279460590996     
        1700   1.8605158432095739        1.7244392165127154      -0.69844727172983057     
        1700   1.3408237274675188        1.2075533257300148       0.58277202545958873     
        1700  0.40940883958746294      -0.37965145304221048       0.15323306475852791     
        1700   2.3532768012970595       -2.1197165425944084       -1.0221122651521839     
        1700   1.2021564108967342      -0.16336955510281423        1.1910039566372674     
        1720  0.99631744331343186       0.71705816277432843       0.69171962459461722     
        1720  0.78464218704690436       0.62398122553832969      -0.47572133846342579     
        1720  0.92350113925895172      -0.83211283669584657       0.40055284447694672     
        1720   2.7053990674414830       -2.6881322517646415       0.30517062626668889     
        1720  0.68110261534778216      -0.47368877862116715       0.48940751285812506     
        1720  0.70927940666699762      -0.39246190433639611       0.59080532357667326     
        1720   1.1740629849112350       0.75343677398063780      -0.90042041300290843     
        1720  0.31162243362667419      -0.22587634133485346      -0.21468213610962547     
        1720  0.85059865139391289      -0.46599896804075769       0.71159189676252799     
        1720  0.32668170463361068       -9.2989786922505688E-002  0.31316742434427730     
        1720   1.0065276669611722      -0.49910972786203051      -0.87406374133228426     
        1720   1.9989633865603904        1.1407898579815317       -1.6414789431288670     
        1720  0.22744829478818188       0.10894421008067107      -0.19965942475112536     
        1720   1.7191642447436004      -0.86224023557920226       -1.4873020797918477     
        1720  0.31316056437467860        1.5854789821555616E-002  0.31275895625734129     
        1720   1.7729763167953732        1.6792151531565951      -0.56893012692822031     
        1720   1.1980585880897692       0.67514897568801602       0.98970613877204672     
        1720   1.1746241780858842      -0.63992818257562867       0.98500450805536499     
        1720  0.10972316752679429      -0.10772505465021155       -2.0844329989757372E-002
        1720   1.6744390725416278        1.5658349193693475       0.59321767753300814     
        1740  0.91439273658313847       0.44310892888539516       0.79985533308095080     
        1740   2.5224334915896729       -2.2736217704269062       -1.0923894747451979     
        1740  0.77733962274002288       0.25827595908005857       0.73317829894431341     
        1740  0.52190643942087356       0.38149975286119686      -0.35615203225002057     
        1740  0.91228820246236564      -0.39101882336219773       0.82424149624273146     
        1740  0.71178173590607541      -0.10423158041341517       0.70410866861159149     
        1740  0.92907337621244546       0.82027933825048960       0.43625582589362760     
        1740  0.28151739016653177      -0.27985259635043497       -3.0570660478566811E-002
        1740  0.95439598305085804      -0.94663381695109905       0.12147472604705419     
        1740   1.1960489922555493      -0.87360565270864765       0.81691269755770890     
        1740   1.4750198877374203       -1.3923708928930452       0.48681307074187791     
        1740   2.2586665202452254        1.8936170051967525       -1.2311738655877800     
        1740   1.0215005798932790       0.28359821377799821      -0.98134371545561661     
        1740   1.9424583477451687      -0.32066808294801824       -1.9158069874868224     
        1740  0.85885196143332188       -3.5864056239053109E-002  0.85810282666353355     
        1740   2.0258834811630617        1.9165415913809700      -0.65656089417224972     
        1740  0.22239950478601214       0.21002699431731597        7.3145070832541834E-002
        1740  0.62024756355354593      -0.56162010148515640      -0.26322975079179894     
        1740  0.42547515371958616      -0.33744588753794941      -0.25915126744129785     
        1740   1.6078643528950014        1.3099854775730737       0.93229063379297550     
        1760   2.1324348006131748        2.0939135902440329       0.40348984554446193     
        1760   2.4062091395764926       -2.1307530264208778       -1.1179150074042818     
        1760  0.42553828635793900      -0.31596856571073079      -0.28503806524595082     
        1760   1.3885728700604221        1.2640085334236029       0.57481913929526596     
        1760  0.46676974995389092      -0.28448646833541991      -0.37005600766108093     
        1760   1.9275189574037137      -0.59003858037898838        1.8349887751196321     
        1760  0.45050486436946091       0.32167610415729286      -0.31540310213238681     
        1760   1.0302438902524460       0.61979634234442360      -0.82295502150419364     
        1760   1.2228191552368821      -0.25661340385284581        1.1955903342605687     
        1760   1.2812515648345930      -0.42544311834012005        1.2085543949066289     
        1760   1.1164013907217498       -1.0194612202820978      -0.45502844476625071     
        1760   1.6829832255565302      -0.51580136323507231       -1.6019929747628432     
        1760  0.29389812850372710       0.19536236307407404      -0.21956697618746535     
        1760  0.95583113493558980      -0.40102229115848720      -0.86763718252865074     
        1760  0.28441973175555263        9.2015618723050405E-002  0.26912396720269027     
        1760  0.36054862825252809       0.25518508274217566      -0.25470745352393726     
        1760  0.93457852249371121       0.67345435971478362       0.64799401238566934     
        1760   1.7799020509208521        1.6051704601595660       0.76907678726079276     
        1760   1.4728330672221959       -1.1856000065095360      -0.87383629386042860     
        1760  0.28053708123352278        4.6055896483241012E-003  0.28049927360158244     
        1780   1.8761027294848176        1.8335262089962592       0.39742054866877258     
        1780   2.4010250999667222       -2.1249822173755626       -1.1177531509720042     
        1780  0.74059938495214672      -0.16918591205428413       0.72101565597000594     
        1780   1.1801150462222705       -1.1613877465257700       0.20940397450856946     
        1780  0.93625816968898634       0.29161082987616710       0.88968673374862894     
        1780   1.3699316696710528      -0.72488812022091842        1.1624327906293344     
        1780  0.61035514425947723       0.58682709036504943      -0.16783136815773564     
        1780   1.1659559298613953        1.0866592796196850      -0.42264032036162641     
        1780  0.46102220386688569      -0.18107693874962505       0.42397242211179831     
        1780   2.0671817755915951        1.6041554388824539        1.3038120344750086     
        1780  0.46547073688487245        3.4560558924696623E-002 -0.46418592682561882     
        1780  0.67060127023182625       0.19864071579172674      -0.64050599502759475     
        1780  0.25346458119822002       0.16316816736511208       0.19395990070295419     
        1780   2.1098031339579237       -1.0093333555790500       -1.8527048986209897     
        1780  0.23214954147675315      -0.23209097936632683       -5.2141063132602758E-003
        1780  0.56489828885913485       0.50718622727684293      -0.24874124631162647     
        1780  0.13014914495577146        8.4995691934108053E-002   9.8562326907194173E-002
        1780  0.48489450691540875      -0.28377904793595793       0.39318206315814896     
        1780   1.3490339768305499       0.60976853406906850       -1.2033598819565610     
        1780   1.1620641093508406       -1.1143744252856809       0.32948844366771207     
        1800   2.0467473774140155        1.9760354779103304       0.53334661993008148     
        1800   2.6236315731020965       -2.3020588531277379       -1.2585577730538975     
        1800  0.65021251893751342      -0.38828465526181982      -0.52154707004380341     
        1800  0.92029952878052290      -0.85009600960918386      -0.35254502850018288     
        1800  0.50826745837277276      -0.20680850278887453      -0.46429091356060631     
        1800   1.2627347868628154       0.86969015971211716       0.91549886294489302     
        1800  0.65354826898208529       0.49461637069885583       0.42717676168791313     
        1800  0.66848071980205381       0.56209262743556121      -0.36182640993943394     
        1800   7.7987032088482636E-002  -4.1588992544135964E-002  -6.5972212886440479E-002
        1800   1.5604144452401900       0.60732929830983751        1.4373741212115692     
        1800  0.35108254564046487        7.7919063863782737E-002  0.34232670556061040     
        1800   1.8974755573939552        1.4171222530114929       -1.2618153632473856     
        1800  0.89803638220830095       0.15097417925539391       0.88525484521008624     
        1800   1.3632253230740679      -0.97117162146934366      -0.95666554402413939     
        1800  0.99055377654763954      -0.96991675618807560      -0.20114241297745267     
        1800  0.58428554646190956       0.53392453390928096      -0.23730611432082674     
        1800  0.36895856701404739      -0.13420231270556629       0.34368614088661870     
        1800   1.6523172735374940       -1.3901764737659019       0.89306312443084346     
        1800   1.0359094433476483       0.80435048642430362      -0.65278531678172802     
        1800  0.60615602024529747      -0.23975027306143487       0.55672697747332578     
        1820   2.5015331407827226      -0.64203462424237612       -2.4177385292268938     
        1820   1.7171787191796544       0.29391153181499508        1.6918388708945191     
        1820   1.0837993371306274      -0.88656568243031220       0.62339577629437171     
        1820  0.96679354474623369      -0.34101817078174013      -0.90465262137444979     
        1820  0.21305765411254191       0.18664355192344997       0.10275090511201340     
        1820   1.7936007265336631       0.53105536858519464        1.7131794306840504     
        1820   1.0002120920678998       0.12465929304222086       0.99241336638371547     
        1820   1.6580177131298119       0.65775569825940050       -1.5219658926728614     
        1820  0.80233273207934819       0.25447736551592165      -0.76090675079538295     
        1820  0.72741034378407599      -0.29387613421131059       0.66540410727999222     
        1820  0.22452499213829366      -0.20801726205601573        8.4500241309831206E-002
        1820   1.0281909678754078       0.17740797387146209       -1.0127700021364132     
        1820  0.73703870035673846       -8.7687247898512982E-002  0.73180393028429058     
        1820   1.3181708271722592       0.23138996095212774       -1.2977029766393275     
        1820  0.61820864910322182      -0.49630539516825878       0.36859583360763704     
        1820  0.58891502591391598       0.54629045722855940      -0.21997191658982243     
        1820  0.19186192033161423       0.10687144105992619      -0.15934080318333219     
        1820   1.3737973193187392       -1.3345491578438378       0.32603315761691670     
        1820   1.1114717441945974        1.1087049151661901       -7.8376330797706964E-002
        1820   1.0758480374091584        7.0886117222819275E-002   1.0735102039488076     
        1840   2.5566593733789293      -0.71203786071160691       -2.4555059023345023     
        1840   1.7161998806997010       0.27398350672888822        1.6941886165814624     
        1840  0.62223912730722863      -0.19871194739686784       0.58965675906734583     
        1840  0.82034277907936415      -0.10785084965828018      -0.81322227552843229     
        1840  0.89343029934467200      -0.48586803180301119       0.74976660065581624     
        1840  0.58676901818771932       0.34744304507245127       0.47284374917700106     
        1840  0.91335672296318349       -3.6506220276963146E-002  0.91262686748919208     
        1840   1.0805615725355981       0.99924014640215975      -0.41125714809446823     
        1840  0.86379529434175528      -0.16990037480109782       0.84692158619874969     
        1840   1.0970245092397726       0.71067664579845891       0.83570418150767656     
        1840  0.69978670033628398      -0.36616064229771639      -0.59634537811545740     
        1840   1.2344660038530757       0.60671396072887229       -1.0750834779335352     
        1840  0.50968597198976551       0.20310648432010761       0.46746929960188599     
        1840   1.1767971626438087       0.79271188393765590      -0.86974676260997441     
        1840  0.53216979780410822       0.18269725480266794      -0.49982637663736240     
        1840  0.62152579888563031       0.59023101212329876      -0.19473487363163106     
        1840  0.28760795159923869      -0.16086607402112857       0.23841233200516035     
        1840   2.1488814261256368       -2.0944410963351743       0.48063278865477360     
        1840  0.81337502755137636       0.39886728504108138      -0.70886093443506892     
        1840  0.84331173178660968      -0.77332812764438108       0.33636034838096879     
        1860   1.2202291037007895        1.2201932570062801        9.3531318197819409E-003
        1860   1.7265434079480935       0.22435611032559100        1.7119043417459363     
        1860   1.0801394717897548       -8.9184142676661471E-002  -1.0764513306291554     
        1860  0.85507889157020101       0.73777595781975502      -0.43225750065449037     
        1860  0.65293387463726293      -0.65000101644133601        6.1816852670279615E-002
        1860   1.4517003238652917       0.79381909278112206        1.2154361679030081     
        1860  0.99272347178783094      -0.82538563416104405       0.55157814166177344     
        1860  0.49683916745340267      -0.14642980794195173      -0.47477096547901226     
        1860   1.3948069359240112       -1.0528962305199852       0.91482015514446058     
        1860  0.67628780372142894        5.5590817502960667E-002  0.67399915020102696     
        1860   1.9316628745258118       -1.9296507338110398       -8.8144803158428972E-002
        1860   1.3602518772257239       0.77270486040644082       -1.1194696816798428     
        1860  0.73302843578800991       0.46307225295309601       0.56823830935511599     
        1860   1.6483705432813018        1.5627120053936274      -0.52445842176107893     
        1860   1.2991227503718896       -1.2412717691655102      -0.38335925136423604     
        1860  0.62172301618794912       0.60103510799733306      -0.15904813049034883     
        1860  0.37981847836599042       0.17359937529490505       0.33782441209225106     
        1860   2.4545127011267653      -0.89524082159957263       -2.2854269779046392     
        1860   1.0226278281924492        1.0195058842395406       -7.9846271012226924E-002
        1860  0.98250061572489766      -0.79430456539324801       0.57826267153884869     
        1880  0.95442188615373069       0.89862831806863686      -0.32154048381872191     
        1880   1.7922514553258486       0.14607783568069718        1.7862884831517181     
        1880  0.83306609598021741      -0.42582554596903921      -0.71601098083192161     
        1880  0.89834419708008773       0.77456704669033805      -0.45504745533721563     
        1880  0.52430542120291768      -0.42561009173052494       0.30618985045213865     
        1880  0.93303636167678361       0.85769178143750435       0.36731683907167939     
        1880   1.0244330635501173      -0.84511306817380105       0.57900518451611716     
        1880   1.2802139214451962        1.2665503114091712      -0.18654220254789089     
        1880  0.77082366639180855      -0.71863182376482548       0.27881432269908774     
        1880   1.4379455871527249       0.80863952603563050        1.1890288594247265     
        1880   1.6613908920298952       -1.2095023433206213       -1.1390012193241132     
        1880  0.97137637050765036       -1.7381817656605639E-002 -0.97122084285478993     
        1880   1.0691338745947878       0.90841942017896149      -0.56375650670106037     
        1880   1.7354269028418834        1.7154551385039003      -0.26252657558414116     
        1880   1.2392213886481056      -0.65510491920269154       -1.0519064573047234     
        1880  0.58555338747918040       0.57382366183564426      -0.11661549942385564     
        1880  0.98412511364901556      -0.88777359974261760       0.42468844452695242     
        1880   2.1386436637439012       -2.0883036681270739       0.46128571423678999     
        1880  0.46736969798276229       0.25723517190557660      -0.39021084163206810     
        1880   1.2178712873483035      -0.93384133404635838       0.78176136728155843     
        1900  0.94384262810001629       0.84613501921125600      -0.41820382098100572     
        1900   1.9592012083851096        1.5948996460491427        1.1378771875602363     
        1900   1.1944618675008731      -0.18576914526121302       -1.1799275306486376     
        1900  0.84968136567876029       0.71475113426049508       0.45944448985166736     
        1900  0.63151858860116028       0.14961175192391976       0.61354058662411004     
        1900   1.3233675517501686        9.1769958853286440E-002   1.3201817873600974     
        1900  0.84851433612317650      -0.78068936265864075      -0.33241645211722032     
        1900  0.51131251399493960      -0.32346456763137288      -0.39599388941607971     
        1900  0.60446852828368391      -0.53807698862296038      -0.27541851063407008     
        1900  0.50039768521786276       0.44830421106300633       0.22230874412530596     
        1900   1.2647366748663702      -0.35131849952680438       -1.2149626202654455     
        1900  0.83416558136696417       0.75854705139223244       0.34704263133141899     
        1900   1.0309058169408654      -0.93849429724211597       0.42660902175943211     
        1900   1.2016846220441635        1.2014084049928830        2.5763836474428970E-002
        1900  0.29554355945021588      -0.28099478593774069       -9.1585620095660042E-002
        1900  0.52418818600807460       0.52413896469579846       -7.1833166470850092E-003
        1900  0.40429127902748463      -0.38790600246130164       0.11393143355620552     
        1900   1.8504955997453107       -1.8501888482115332        3.3692590141411391E-002
        1900   1.4793646854646132        1.1813419695096030      -0.89047797483990898     
        1900   1.8769885206852885       -1.8740056143861277       0.10577742686235335     
        1920   1.0176096938402044       0.91303088339877947      -0.44933739545868950     
        1920   1.8486011580462336        1.2896962637248326        1.3243903461080058     
        1920   1.1485279662573387       0.33724515594948579       -1.0978989908292227     
        1920   1.0007322539707169       0.67554905522166797       0.73830787489124283     
        1920  0.70177774365039480      -0.24770963803428106       0.65660637882064832     
        1920  0.59902139131854615       0.47615161597449407       0.36346425664992799     
        1920  0.95630528916266322      -0.73781168371484096      -0.60840260145265357     
        1920  0.50875722097632259       0.44701877247774369      -0.24291588451157722     
        1920   1.2807054687376214      -0.58778073599919844       -1.1378577696894683     
        1920  0.45160756330314811       0.37929006567929152      -0.24512942970929794     
        1920  0.57988046857580500      -0.28464783460897297      -0.50520982580321805     
        1920  0.89044199031137627       0.46822770404405389       0.75739669610800320     
        1920  0.92126426086979785      -0.89404384060900455       0.22229136156197285     
        1920  0.81010175867032552       0.80993897424919725       -1.6239377848694513E-002
        1920  0.55974083493403770      -0.28440661817923540      -0.48210235202548452     
        1920  0.66422501967866310       0.49132510194240903       0.44698380392179948     
        1920   1.4541802937693384      -0.45772272215478033        1.3802645530514421     
        1920   1.1703536265769454       -1.1650957472417240      -0.11081295502357531     
        1920   1.4899776266510534       0.88919285200074938       -1.1955623780763092     
        1920   2.5255199715019572       -2.5174476241082324       0.20176368931763511     
        1940   1.5026195770782782        1.3783035463233291      -0.59845210970589635     
        1940   2.3774746327318534        1.3278789677047595        1.9720859708468095     
        1940  0.56298434460759095       0.55305572459039265      -0.10526508334217205     
        1940  0.89949968448223783        2.8689545588896741E-002  0.89904204148501754     
        1940  0.80876814803568997      -0.35959270235581248       0.72443012478052271     
        1940   1.0998863802734420      -0.16350073013143226        1.0876661072027127     
        1940  0.76251654665833746       -7.9348065089054953E-002 -0.75837679849424422     
        1940  0.80920380885804188      -0.33419176198076089       0.73697128200124384     
        1940   1.5544156965954130      -0.36815321740711143       -1.5101891822996862     
        1940  0.20249617800849398       0.15034449125672023      -0.13565115575182418     
        1940  0.18242089153066482        7.2312562577718986E-004 -0.18241945827178616     
        1940   1.0288032324575984       0.99534844823307000       0.26022597432851052     
        1940   1.4387743886571551       -1.3595662287439620      -0.47079869489484694     
        1940   1.0739641560190243       0.81805373631080547       0.69583553582839264     
        1940  0.45308391004783327      -0.39465716717701299      -0.22255504923512354     
        1940  0.75582291112683808       0.45709171080260586      -0.60194305453239938     
        1940   3.7784169731495232E-002  -1.9886334391566500E-002  -3.2127514481597230E-002
        1940   2.5751848080857509       -2.4643019531719448      -0.74752436708684178     
        1940   1.0426631377560680       0.99798124762752882      -0.30196001096027603     
        1940   1.3631593691354538       -1.1642723836023041      -0.70899455741407302     
        1960  0.59712929210565024      -0.59702920880509502        1.0932306442708484E-002
        1960   2.1087312234269455        2.0375837639539758       0.54313881975683742     
        1960  0.46589882480408301       0.43174117813864266      -0.17510359805921313     
        1960   1.0627567657995050      -0.74147602169470250       0.76135750636899946     
        1960   1.6124845417821885      -0.92515128702367955        1.3206822076506306     
        1960  0.86004665004026992       0.85452559283568930        9.7294662928160455E-002
        1960  0.93125789361303257       0.71455819718315350      -0.59720000607413248     
        1960  0.61194498081690663       0.16533304974716717      -0.58918727261228665     
        1960   1.1830062207041174       -1.1534926926329572      -0.26259917415523104     
        1960   1.3298649420674009       -3.3005150553845841E-002   1.3294553110867808     
        1960   1.4514172924377220       0.24393705530581133       -1.4307714247342156     
        1960  0.58341185720352273      -0.22832683522565217       0.53687638376212965     
        1960   1.9763260561878497       -1.9462517419425651       0.34346591876422117     
        1960   1.1596714674706812        1.0518084583960765       0.48840237439233664     
        1960   1.3126409186254937       0.81966245001792704       -1.0252705249252947     
        1960  0.72634977086780572       0.66652408926109163       0.28866871682672202     
        1960   1.0410729859112469       0.99739624455450338      -0.29838514263068205     
        1960   1.7002674932533912       -1.4988710043794420      -0.80268004886426148     
        1960  0.90273288419809727       0.69847134788184118      -0.57189547681437325     
        1960   1.5582831124533929       -1.5579374850044840        3.2818460892250920E-002
        1980  0.21671695421716269        1.5091685886487759E-002  0.21619083991295140     
        1980   1.9864044955792748        1.9740919799061907       0.22082498709975940     
        1980  0.85153495527587242        1.8256914042380754E-002 -0.85133921861167128     
        1980  0.92459394665732098      -0.67753119550942287       0.62914660080694473     
        1980   1.5906981317278215      -0.44588601382108534        1.5269270476879779     
        1980  0.60746625826815492       -7.1772121345019160E-002 -0.60321142025988583     
        1980  0.82869654010063187       0.72458058730188624      -0.40214540663796194     
        1980  0.67689498823727801        9.2921189296325132E-002 -0.67048674683434362     
        1980   1.4319155901803466       -1.1674067124981773      -0.82918262464654191     
        1980  0.69095733621132371       0.53608564643251544       0.43592914579468117     
        1980   1.8193031292174420      -0.18342976208348558       -1.8100324301963133     
        1980   1.0492004847142296       0.12105947280499531        1.0421930057185909     
        1980  0.61526520097518844      -0.21845361427616192       0.57517761251696931     
        1980  0.13355422497334940       0.10694134533861106        8.0001747889655223E-002
        1980  0.55336301681913003       -7.5985671116322734E-002  0.54812116011715040     
        1980  0.56636819847467768       0.56633194286935584        6.4083327997641387E-003
        1980   1.3279290217863842       0.37003056049595878        1.2753324551667262     
        1980   1.4373126017138489       -1.1871227525008996      -0.81031295530808412     
        1980  0.74709162185492506       0.71678916641148227       0.21061619681533206     
        1980   1.4489946465925292       -1.2145926476203825      -0.79015832983036871     
        2000   3.9303122767276377E-002  -7.1516731469569699E-003   3.8646979577435202E-002
        2000   1.2746144201183163        1.2431150386504568       0.28161484452106722     
        2000  0.66143468465500821       0.61161859804216157      -0.25183036471722586     
        2000  0.62085320552580125      -0.60000803025701233      -0.15952763534498651     
        2000   1.4489290355625499      -0.42822325996073934        1.3842038107608352     
        2000  0.66133305944660170      -0.14665937448797095       0.64486622131400206     
        2000   1.0071057710108511       0.86240929854576598       0.52010790782794392     
        2000  0.53016383553722657        9.8161052522008921E-002 -0.52099721715121938     
        2000   1.8251140535803598       -1.3276285342431891       -1.2523752567181348     
        2000   1.2753420711827992       0.12104455039171200        1.2695848200688682     
        2000   1.6081830667636896      -0.15839858545947910       -1.6003632913654018     
        2000   1.2795426855435412      -0.86365645252064582       0.94410116838579927     
        2000  0.46593226154163958      -0.38965627423250487       0.25546205255683235     
        2000  0.27267654426155535       0.23941481701521208       0.13051070141561757     
        2000  0.64549584063000043      -0.55190291082637755       0.33476567519983652     
        2000  0.46853247191956132       0.38264491514199378      -0.27038037310246998     
        2000  0.66803262267006602       0.43340153436948792       0.50836079211286589     
        2000   1.9021977643569774       0.71456631050752506       -1.7628815395857846     
        2000  0.96936460693992854       0.88476875519528408       0.39604544059740110     
        2000   1.4288312409301553       -1.1178597752316775      -0.88991473635230423     
