   0.0000000000000000        1.3383391499519348        2.0095556477705641     
   0.0000000000000000        4.0019851922988892        1.7833265165487926     
   0.0000000000000000        6.8094038963317871        1.6953730086485546     
   0.0000000000000000        8.8100905716419220        2.2339486579100294     
   0.0000000000000000        1.6320610046386719        5.0517731904983521     
   0.0000000000000000        4.1217580437660217        5.0129923224449158     
   0.0000000000000000        6.2785471975803375        5.4188455641269684     
   0.0000000000000000        9.2939954996109009        5.4345379769802094     
   0.0000000000000000        1.6218225657939911        8.8055468102296199     
   0.0000000000000000        4.2146041989326477        8.8115485509236660     
   5.0000000000000000        1.3383391499519348        2.0095556477705649     
   5.0000000000000000        4.0019851922988892        1.7833265165487919     
   5.0000000000000000        6.8094038963317871        1.6953730086485539     
   5.0000000000000000        8.8100905716419220        2.2339486579100303     
   5.0000000000000000        1.6320610046386719        5.0517731904983521     
   5.0000000000000000        4.1217580437660217        5.0129923224449158     
   5.0000000000000000        6.2785471975803375        5.4188455641269684     
   5.0000000000000000        9.2939954996109009        5.4345379769802094     
   5.0000000000000000        1.6218225657939911        8.8055468102296217     
   5.0000000000000000        4.2146041989326477        8.8115485509236677     
   5.0000000000000000        1.3383391499519348        2.0095556477705649     
   5.0000000000000000        4.0019851922988892        1.7833265165487919     
   5.0000000000000000        6.8094038963317871        1.6953730086485539     
   5.0000000000000000        8.8100905716419220        2.2339486579100303     
   5.0000000000000000        1.6320610046386719        5.0517731904983521     
   5.0000000000000000        4.1217580437660217        5.0129923224449158     
   5.0000000000000000        6.2785471975803375        5.4188455641269684     
   5.0000000000000000        9.2939954996109009        5.4345379769802094     
   5.0000000000000000        1.6218225657939911        8.8055468102296217     
   5.0000000000000000        4.2146041989326477        8.8115485509236677     
   5.0000000000000000        1.3383391499519348        2.0095556477705649     
   5.0000000000000000        4.0019851922988892        1.7833265165487919     
   5.0000000000000000        6.8094038963317871        1.6953730086485539     
   5.0000000000000000        8.8100905716419220        2.2339486579100303     
   5.0000000000000000        1.6320610046386719        5.0517731904983521     
   5.0000000000000000        4.1217580437660217        5.0129923224449158     
   5.0000000000000000        6.2785471975803375        5.4188455641269684     
   5.0000000000000000        9.2939954996109009        5.4345379769802094     
   5.0000000000000000        1.6218225657939911        8.8055468102296217     
   5.0000000000000000        4.2146041989326477        8.8115485509236677     
   5.0000000000000000        1.3383391499519348        2.0095556477705649     
   5.0000000000000000        4.0019851922988892        1.7833265165487919     
   5.0000000000000000        6.8094038963317871        1.6953730086485539     
   5.0000000000000000        8.8100905716419220        2.2339486579100303     
   5.0000000000000000        1.6320610046386719        5.0517731904983521     
   5.0000000000000000        4.1217580437660217        5.0129923224449158     
   5.0000000000000000        6.2785471975803375        5.4188455641269684     
   5.0000000000000000        9.2939954996109009        5.4345379769802094     
   5.0000000000000000        1.6218225657939911        8.8055468102296217     
   5.0000000000000000        4.2146041989326477        8.8115485509236677     
   5.0000000000000000        1.3383391499519348        2.0095556477705649     
   5.0000000000000000        4.0019851922988892        1.7833265165487919     
   5.0000000000000000        6.8094038963317871        1.6953730086485539     
   5.0000000000000000        8.8100905716419220        2.2339486579100303     
   5.0000000000000000        1.6320610046386719        5.0517731904983521     
   5.0000000000000000        4.1217580437660217        5.0129923224449158     
   5.0000000000000000        6.2785471975803375        5.4188455641269684     
   5.0000000000000000        9.2939954996109009        5.4345379769802094     
   5.0000000000000000        1.6218225657939911        8.8055468102296217     
   5.0000000000000000        4.2146041989326477        8.8115485509236677     
   5.0000000000000000        1.3383391499519348        2.0095556477705649     
   5.0000000000000000        4.0019851922988892        1.7833265165487919     
   5.0000000000000000        6.8094038963317871        1.6953730086485539     
   5.0000000000000000        8.8100905716419220        2.2339486579100303     
   5.0000000000000000        1.6320610046386719        5.0517731904983521     
   5.0000000000000000        4.1217580437660217        5.0129923224449158     
   5.0000000000000000        6.2785471975803375        5.4188455641269684     
   5.0000000000000000        9.2939954996109009        5.4345379769802094     
   5.0000000000000000        1.6218225657939911        8.8055468102296217     
   5.0000000000000000        4.2146041989326477        8.8115485509236677     
   5.0000000000000000        1.3383391499519348        2.0095556477705649     
   5.0000000000000000        4.0019851922988892        1.7833265165487919     
   5.0000000000000000        6.8094038963317871        1.6953730086485539     
   5.0000000000000000        8.8100905716419220        2.2339486579100303     
   5.0000000000000000        1.6320610046386719        5.0517731904983521     
   5.0000000000000000        4.1217580437660217        5.0129923224449158     
   5.0000000000000000        6.2785471975803375        5.4188455641269684     
   5.0000000000000000        9.2939954996109009        5.4345379769802094     
   5.0000000000000000        1.6218225657939911        8.8055468102296217     
   5.0000000000000000        4.2146041989326477        8.8115485509236677     
   5.0000000000000000        1.3383391499519348        2.0095556477705649     
   5.0000000000000000        4.0019851922988892        1.7833265165487919     
   5.0000000000000000        6.8094038963317871        1.6953730086485539     
   5.0000000000000000        8.8100905716419220        2.2339486579100303     
   5.0000000000000000        1.6320610046386719        5.0517731904983521     
   5.0000000000000000        4.1217580437660217        5.0129923224449158     
   5.0000000000000000        6.2785471975803375        5.4188455641269684     
   5.0000000000000000        9.2939954996109009        5.4345379769802094     
   5.0000000000000000        1.6218225657939911        8.8055468102296217     
   5.0000000000000000        4.2146041989326477        8.8115485509236677     
   5.0000000000000000        1.3383391499519348        2.0095556477705649     
   5.0000000000000000        4.0019851922988892        1.7833265165487919     
   5.0000000000000000        6.8094038963317871        1.6953730086485539     
   5.0000000000000000        8.8100905716419220        2.2339486579100303     
   5.0000000000000000        1.6320610046386719        5.0517731904983521     
   5.0000000000000000        4.1217580437660217        5.0129923224449158     
   5.0000000000000000        6.2785471975803375        5.4188455641269684     
   5.0000000000000000        9.2939954996109009        5.4345379769802094     
   5.0000000000000000        1.6218225657939911        8.8055468102296217     
   5.0000000000000000        4.2146041989326477        8.8115485509236677     
   5.0000000000000000        1.3383391499519348        2.0095556477705649     
   5.0000000000000000        4.0019851922988892        1.7833265165487919     
   5.0000000000000000        6.8094038963317871        1.6953730086485539     
   5.0000000000000000        8.8100905716419220        2.2339486579100303     
   5.0000000000000000        1.6320610046386719        5.0517731904983521     
   5.0000000000000000        4.1217580437660217        5.0129923224449158     
   5.0000000000000000        6.2785471975803375        5.4188455641269684     
   5.0000000000000000        9.2939954996109009        5.4345379769802094     
   5.0000000000000000        1.6218225657939911        8.8055468102296217     
   5.0000000000000000        4.2146041989326477        8.8115485509236677     
   5.0000000000000000        1.3383391499519348        2.0095556477705649     
   5.0000000000000000        4.0019851922988892        1.7833265165487919     
   5.0000000000000000        6.8094038963317871        1.6953730086485539     
   5.0000000000000000        8.8100905716419220        2.2339486579100303     
   5.0000000000000000        1.6320610046386719        5.0517731904983521     
   5.0000000000000000        4.1217580437660217        5.0129923224449158     
   5.0000000000000000        6.2785471975803375        5.4188455641269684     
   5.0000000000000000        9.2939954996109009        5.4345379769802094     
   5.0000000000000000        1.6218225657939911        8.8055468102296217     
   5.0000000000000000        4.2146041989326477        8.8115485509236677     
   5.0000000000000000        1.3383391499519348        2.0095556477705649     
   5.0000000000000000        4.0019851922988892        1.7833265165487919     
   5.0000000000000000        6.8094038963317871        1.6953730086485539     
   5.0000000000000000        8.8100905716419220        2.2339486579100303     
   5.0000000000000000        1.6320610046386719        5.0517731904983521     
   5.0000000000000000        4.1217580437660217        5.0129923224449158     
   5.0000000000000000        6.2785471975803375        5.4188455641269684     
   5.0000000000000000        9.2939954996109009        5.4345379769802094     
   5.0000000000000000        1.6218225657939911        8.8055468102296217     
   5.0000000000000000        4.2146041989326477        8.8115485509236677     
   5.0000000000000000        1.3383391499519348        2.0095556477705649     
   5.0000000000000000        4.0019851922988892        1.7833265165487919     
   5.0000000000000000        6.8094038963317871        1.6953730086485539     
   5.0000000000000000        8.8100905716419220        2.2339486579100303     
   5.0000000000000000        1.6320610046386719        5.0517731904983521     
   5.0000000000000000        4.1217580437660217        5.0129923224449158     
   5.0000000000000000        6.2785471975803375        5.4188455641269684     
   5.0000000000000000        9.2939954996109009        5.4345379769802094     
   5.0000000000000000        1.6218225657939911        8.8055468102296217     
   5.0000000000000000        4.2146041989326477        8.8115485509236677     
   5.0000000000000000        1.3383391499519348        2.0095556477705649     
   5.0000000000000000        4.0019851922988892        1.7833265165487919     
   5.0000000000000000        6.8094038963317871        1.6953730086485539     
   5.0000000000000000        8.8100905716419220        2.2339486579100303     
   5.0000000000000000        1.6320610046386719        5.0517731904983521     
   5.0000000000000000        4.1217580437660217        5.0129923224449158     
   5.0000000000000000        6.2785471975803375        5.4188455641269684     
   5.0000000000000000        9.2939954996109009        5.4345379769802094     
   5.0000000000000000        1.6218225657939911        8.8055468102296217     
   5.0000000000000000        4.2146041989326477        8.8115485509236677     
   5.0000000000000000        1.3383391499519348        2.0095556477705649     
   5.0000000000000000        4.0019851922988892        1.7833265165487919     
   5.0000000000000000        6.8094038963317871        1.6953730086485539     
   5.0000000000000000        8.8100905716419220        2.2339486579100303     
   5.0000000000000000        1.6320610046386719        5.0517731904983521     
   5.0000000000000000        4.1217580437660217        5.0129923224449158     
   5.0000000000000000        6.2785471975803375        5.4188455641269684     
   5.0000000000000000        9.2939954996109009        5.4345379769802094     
   5.0000000000000000        1.6218225657939911        8.8055468102296217     
   5.0000000000000000        4.2146041989326477        8.8115485509236677     
   5.0000000000000000        1.3383391499519348        2.0095556477705649     
   5.0000000000000000        4.0019851922988892        1.7833265165487919     
   5.0000000000000000        6.8094038963317871        1.6953730086485539     
   5.0000000000000000        8.8100905716419220        2.2339486579100303     
   5.0000000000000000        1.6320610046386719        5.0517731904983521     
   5.0000000000000000        4.1217580437660217        5.0129923224449158     
   5.0000000000000000        6.2785471975803375        5.4188455641269684     
   5.0000000000000000        9.2939954996109009        5.4345379769802094     
   5.0000000000000000        1.6218225657939911        8.8055468102296217     
   5.0000000000000000        4.2146041989326477        8.8115485509236677     
   5.0000000000000000        1.3383391499519348        2.0095556477705649     
   5.0000000000000000        4.0019851922988892        1.7833265165487919     
   5.0000000000000000        6.8094038963317871        1.6953730086485539     
   5.0000000000000000        8.8100905716419220        2.2339486579100303     
   5.0000000000000000        1.6320610046386719        5.0517731904983521     
   5.0000000000000000        4.1217580437660217        5.0129923224449158     
   5.0000000000000000        6.2785471975803375        5.4188455641269684     
   5.0000000000000000        9.2939954996109009        5.4345379769802094     
   5.0000000000000000        1.6218225657939911        8.8055468102296217     
   5.0000000000000000        4.2146041989326477        8.8115485509236677     
   5.0000000000000000        1.3383391499519348        2.0095556477705649     
   5.0000000000000000        4.0019851922988892        1.7833265165487919     
   5.0000000000000000        6.8094038963317871        1.6953730086485539     
   5.0000000000000000        8.8100905716419220        2.2339486579100303     
   5.0000000000000000        1.6320610046386719        5.0517731904983521     
   5.0000000000000000        4.1217580437660217        5.0129923224449158     
   5.0000000000000000        6.2785471975803375        5.4188455641269684     
   5.0000000000000000        9.2939954996109009        5.4345379769802094     
   5.0000000000000000        1.6218225657939911        8.8055468102296217     
   5.0000000000000000        4.2146041989326477        8.8115485509236677     
   5.0000000000000000        1.3383391499519348        2.0095556477705649     
   5.0000000000000000        4.0019851922988892        1.7833265165487919     
   5.0000000000000000        6.8094038963317871        1.6953730086485539     
   5.0000000000000000        8.8100905716419220        2.2339486579100303     
   5.0000000000000000        1.6320610046386719        5.0517731904983521     
   5.0000000000000000        4.1217580437660217        5.0129923224449158     
   5.0000000000000000        6.2785471975803375        5.4188455641269684     
   5.0000000000000000        9.2939954996109009        5.4345379769802094     
   5.0000000000000000        1.6218225657939911        8.8055468102296217     
   5.0000000000000000        4.2146041989326477        8.8115485509236677     
   5.0000000000000000        1.3383391499519348        2.0095556477705649     
   5.0000000000000000        4.0019851922988892        1.7833265165487919     
   5.0000000000000000        6.8094038963317871        1.6953730086485539     
   5.0000000000000000        8.8100905716419220        2.2339486579100303     
   5.0000000000000000        1.6320610046386719        5.0517731904983521     
   5.0000000000000000        4.1217580437660217        5.0129923224449158     
   5.0000000000000000        6.2785471975803375        5.4188455641269684     
   5.0000000000000000        9.2939954996109009        5.4345379769802094     
   5.0000000000000000        1.6218225657939911        8.8055468102296217     
   5.0000000000000000        4.2146041989326477        8.8115485509236677     
   5.0000000000000000        1.3383391499519348        2.0095556477705649     
   5.0000000000000000        4.0019851922988892        1.7833265165487919     
   5.0000000000000000        6.8094038963317871        1.6953730086485539     
   5.0000000000000000        8.8100905716419220        2.2339486579100303     
   5.0000000000000000        1.6320610046386719        5.0517731904983521     
   5.0000000000000000        4.1217580437660217        5.0129923224449158     
   5.0000000000000000        6.2785471975803375        5.4188455641269684     
   5.0000000000000000        9.2939954996109009        5.4345379769802094     
   5.0000000000000000        1.6218225657939911        8.8055468102296217     
   5.0000000000000000        4.2146041989326477        8.8115485509236677     
   5.0000000000000000        1.3383391499519348        2.0095556477705649     
   5.0000000000000000        4.0019851922988892        1.7833265165487919     
   5.0000000000000000        6.8094038963317871        1.6953730086485539     
   5.0000000000000000        8.8100905716419220        2.2339486579100303     
   5.0000000000000000        1.6320610046386719        5.0517731904983521     
   5.0000000000000000        4.1217580437660217        5.0129923224449158     
   5.0000000000000000        6.2785471975803375        5.4188455641269684     
   5.0000000000000000        9.2939954996109009        5.4345379769802094     
   5.0000000000000000        1.6218225657939911        8.8055468102296217     
   5.0000000000000000        4.2146041989326477        8.8115485509236677     
   5.0000000000000000        1.3383391499519348        2.0095556477705649     
   5.0000000000000000        4.0019851922988892        1.7833265165487919     
   5.0000000000000000        6.8094038963317871        1.6953730086485539     
   5.0000000000000000        8.8100905716419220        2.2339486579100303     
   5.0000000000000000        1.6320610046386719        5.0517731904983521     
   5.0000000000000000        4.1217580437660217        5.0129923224449158     
   5.0000000000000000        6.2785471975803375        5.4188455641269684     
   5.0000000000000000        9.2939954996109009        5.4345379769802094     
   5.0000000000000000        1.6218225657939911        8.8055468102296217     
   5.0000000000000000        4.2146041989326477        8.8115485509236677     
   5.0000000000000000        1.3383391499519348        2.0095556477705649     
   5.0000000000000000        4.0019851922988892        1.7833265165487919     
   5.0000000000000000        6.8094038963317871        1.6953730086485539     
   5.0000000000000000        8.8100905716419220        2.2339486579100303     
   5.0000000000000000        1.6320610046386719        5.0517731904983521     
   5.0000000000000000        4.1217580437660217        5.0129923224449158     
   5.0000000000000000        6.2785471975803375        5.4188455641269684     
   5.0000000000000000        9.2939954996109009        5.4345379769802094     
   5.0000000000000000        1.6218225657939911        8.8055468102296217     
   5.0000000000000000        4.2146041989326477        8.8115485509236677     
   5.0000000000000000        1.3383391499519348        2.0095556477705649     
   5.0000000000000000        4.0019851922988892        1.7833265165487919     
   5.0000000000000000        6.8094038963317871        1.6953730086485539     
   5.0000000000000000        8.8100905716419220        2.2339486579100303     
   5.0000000000000000        1.6320610046386719        5.0517731904983521     
   5.0000000000000000        4.1217580437660217        5.0129923224449158     
   5.0000000000000000        6.2785471975803375        5.4188455641269684     
   5.0000000000000000        9.2939954996109009        5.4345379769802094     
   5.0000000000000000        1.6218225657939911        8.8055468102296217     
   5.0000000000000000        4.2146041989326477        8.8115485509236677     
   5.0000000000000000        1.3383391499519348        2.0095556477705649     
   5.0000000000000000        4.0019851922988892        1.7833265165487919     
   5.0000000000000000        6.8094038963317871        1.6953730086485539     
   5.0000000000000000        8.8100905716419220        2.2339486579100303     
   5.0000000000000000        1.6320610046386719        5.0517731904983521     
   5.0000000000000000        4.1217580437660217        5.0129923224449158     
   5.0000000000000000        6.2785471975803375        5.4188455641269684     
   5.0000000000000000        9.2939954996109009        5.4345379769802094     
   5.0000000000000000        1.6218225657939911        8.8055468102296217     
   5.0000000000000000        4.2146041989326477        8.8115485509236677     
   5.0000000000000000        1.3383391499519348        2.0095556477705649     
   5.0000000000000000        4.0019851922988892        1.7833265165487919     
   5.0000000000000000        6.8094038963317871        1.6953730086485539     
   5.0000000000000000        8.8100905716419220        2.2339486579100303     
   5.0000000000000000        1.6320610046386719        5.0517731904983521     
   5.0000000000000000        4.1217580437660217        5.0129923224449158     
   5.0000000000000000        6.2785471975803375        5.4188455641269684     
   5.0000000000000000        9.2939954996109009        5.4345379769802094     
   5.0000000000000000        1.6218225657939911        8.8055468102296217     
   5.0000000000000000        4.2146041989326477        8.8115485509236677     
   5.0000000000000000        1.3383391499519348        2.0095556477705649     
   5.0000000000000000        4.0019851922988892        1.7833265165487919     
   5.0000000000000000        6.8094038963317871        1.6953730086485539     
   5.0000000000000000        8.8100905716419220        2.2339486579100303     
   5.0000000000000000        1.6320610046386719        5.0517731904983521     
   5.0000000000000000        4.1217580437660217        5.0129923224449158     
   5.0000000000000000        6.2785471975803375        5.4188455641269684     
   5.0000000000000000        9.2939954996109009        5.4345379769802094     
   5.0000000000000000        1.6218225657939911        8.8055468102296217     
   5.0000000000000000        4.2146041989326477        8.8115485509236677     
   5.0000000000000000        1.3383391499519348        2.0095556477705649     
   5.0000000000000000        4.0019851922988892        1.7833265165487919     
   5.0000000000000000        6.8094038963317871        1.6953730086485539     
   5.0000000000000000        8.8100905716419220        2.2339486579100303     
   5.0000000000000000        1.6320610046386719        5.0517731904983521     
   5.0000000000000000        4.1217580437660217        5.0129923224449158     
   5.0000000000000000        6.2785471975803375        5.4188455641269684     
   5.0000000000000000        9.2939954996109009        5.4345379769802094     
   5.0000000000000000        1.6218225657939911        8.8055468102296217     
   5.0000000000000000        4.2146041989326477        8.8115485509236677     
   5.0000000000000000        1.3383391499519348        2.0095556477705649     
   5.0000000000000000        4.0019851922988892        1.7833265165487919     
   5.0000000000000000        6.8094038963317871        1.6953730086485539     
   5.0000000000000000        8.8100905716419220        2.2339486579100303     
   5.0000000000000000        1.6320610046386719        5.0517731904983521     
   5.0000000000000000        4.1217580437660217        5.0129923224449158     
   5.0000000000000000        6.2785471975803375        5.4188455641269684     
   5.0000000000000000        9.2939954996109009        5.4345379769802094     
   5.0000000000000000        1.6218225657939911        8.8055468102296217     
   5.0000000000000000        4.2146041989326477        8.8115485509236677     
   5.0000000000000000        1.3383391499519348        2.0095556477705649     
   5.0000000000000000        4.0019851922988892        1.7833265165487919     
   5.0000000000000000        6.8094038963317871        1.6953730086485539     
   5.0000000000000000        8.8100905716419220        2.2339486579100303     
   5.0000000000000000        1.6320610046386719        5.0517731904983521     
   5.0000000000000000        4.1217580437660217        5.0129923224449158     
   5.0000000000000000        6.2785471975803375        5.4188455641269684     
   5.0000000000000000        9.2939954996109009        5.4345379769802094     
   5.0000000000000000        1.6218225657939911        8.8055468102296217     
   5.0000000000000000        4.2146041989326477        8.8115485509236677     
   5.0000000000000000        1.3383391499519348        2.0095556477705649     
   5.0000000000000000        4.0019851922988892        1.7833265165487919     
   5.0000000000000000        6.8094038963317871        1.6953730086485539     
   5.0000000000000000        8.8100905716419220        2.2339486579100303     
   5.0000000000000000        1.6320610046386719        5.0517731904983521     
   5.0000000000000000        4.1217580437660217        5.0129923224449158     
   5.0000000000000000        6.2785471975803375        5.4188455641269684     
   5.0000000000000000        9.2939954996109009        5.4345379769802094     
   5.0000000000000000        1.6218225657939911        8.8055468102296217     
   5.0000000000000000        4.2146041989326477        8.8115485509236677     
   5.0000000000000000        1.3383391499519348        2.0095556477705649     
   5.0000000000000000        4.0019851922988892        1.7833265165487919     
   5.0000000000000000        6.8094038963317871        1.6953730086485539     
   5.0000000000000000        8.8100905716419220        2.2339486579100303     
   5.0000000000000000        1.6320610046386719        5.0517731904983521     
   5.0000000000000000        4.1217580437660217        5.0129923224449158     
   5.0000000000000000        6.2785471975803375        5.4188455641269684     
   5.0000000000000000        9.2939954996109009        5.4345379769802094     
   5.0000000000000000        1.6218225657939911        8.8055468102296217     
   5.0000000000000000        4.2146041989326477        8.8115485509236677     
   5.0000000000000000        1.3383391499519348        2.0095556477705649     
   5.0000000000000000        4.0019851922988892        1.7833265165487919     
   5.0000000000000000        6.8094038963317871        1.6953730086485539     
   5.0000000000000000        8.8100905716419220        2.2339486579100303     
   5.0000000000000000        1.6320610046386719        5.0517731904983521     
   5.0000000000000000        4.1217580437660217        5.0129923224449158     
   5.0000000000000000        6.2785471975803375        5.4188455641269684     
   5.0000000000000000        9.2939954996109009        5.4345379769802094     
   5.0000000000000000        1.6218225657939911        8.8055468102296217     
   5.0000000000000000        4.2146041989326477        8.8115485509236677     
   5.0000000000000000        1.3383391499519348        2.0095556477705649     
   5.0000000000000000        4.0019851922988892        1.7833265165487919     
   5.0000000000000000        6.8094038963317871        1.6953730086485539     
   5.0000000000000000        8.8100905716419220        2.2339486579100303     
   5.0000000000000000        1.6320610046386719        5.0517731904983521     
   5.0000000000000000        4.1217580437660217        5.0129923224449158     
   5.0000000000000000        6.2785471975803375        5.4188455641269684     
   5.0000000000000000        9.2939954996109009        5.4345379769802094     
   5.0000000000000000        1.6218225657939911        8.8055468102296217     
   5.0000000000000000        4.2146041989326477        8.8115485509236677     
   5.0000000000000000        1.3383391499519348        2.0095556477705649     
   5.0000000000000000        4.0019851922988892        1.7833265165487919     
   5.0000000000000000        6.8094038963317871        1.6953730086485539     
   5.0000000000000000        8.8100905716419220        2.2339486579100303     
   5.0000000000000000        1.6320610046386719        5.0517731904983521     
   5.0000000000000000        4.1217580437660217        5.0129923224449158     
   5.0000000000000000        6.2785471975803375        5.4188455641269684     
   5.0000000000000000        9.2939954996109009        5.4345379769802094     
   5.0000000000000000        1.6218225657939911        8.8055468102296217     
   5.0000000000000000        4.2146041989326477        8.8115485509236677     
   5.0000000000000000        1.3383391499519348        2.0095556477705649     
   5.0000000000000000        4.0019851922988892        1.7833265165487919     
   5.0000000000000000        6.8094038963317871        1.6953730086485539     
   5.0000000000000000        8.8100905716419220        2.2339486579100303     
   5.0000000000000000        1.6320610046386719        5.0517731904983521     
   5.0000000000000000        4.1217580437660217        5.0129923224449158     
   5.0000000000000000        6.2785471975803375        5.4188455641269684     
   5.0000000000000000        9.2939954996109009        5.4345379769802094     
   5.0000000000000000        1.6218225657939911        8.8055468102296217     
   5.0000000000000000        4.2146041989326477        8.8115485509236677     
   5.0000000000000000        1.3383391499519348        2.0095556477705649     
   5.0000000000000000        4.0019851922988892        1.7833265165487919     
   5.0000000000000000        6.8094038963317871        1.6953730086485539     
   5.0000000000000000        8.8100905716419220        2.2339486579100303     
   5.0000000000000000        1.6320610046386719        5.0517731904983521     
   5.0000000000000000        4.1217580437660217        5.0129923224449158     
   5.0000000000000000        6.2785471975803375        5.4188455641269684     
   5.0000000000000000        9.2939954996109009        5.4345379769802094     
   5.0000000000000000        1.6218225657939911        8.8055468102296217     
   5.0000000000000000        4.2146041989326477        8.8115485509236677     
   5.0000000000000000        1.3383391499519348        2.0095556477705649     
   5.0000000000000000        4.0019851922988892        1.7833265165487919     
   5.0000000000000000        6.8094038963317871        1.6953730086485539     
   5.0000000000000000        8.8100905716419220        2.2339486579100303     
   5.0000000000000000        1.6320610046386719        5.0517731904983521     
   5.0000000000000000        4.1217580437660217        5.0129923224449158     
   5.0000000000000000        6.2785471975803375        5.4188455641269684     
   5.0000000000000000        9.2939954996109009        5.4345379769802094     
   5.0000000000000000        1.6218225657939911        8.8055468102296217     
   5.0000000000000000        4.2146041989326477        8.8115485509236677     
   5.0000000000000000        1.3383391499519348        2.0095556477705649     
   5.0000000000000000        4.0019851922988892        1.7833265165487919     
   5.0000000000000000        6.8094038963317871        1.6953730086485539     
   5.0000000000000000        8.8100905716419220        2.2339486579100303     
   5.0000000000000000        1.6320610046386719        5.0517731904983521     
   5.0000000000000000        4.1217580437660217        5.0129923224449158     
   5.0000000000000000        6.2785471975803375        5.4188455641269684     
   5.0000000000000000        9.2939954996109009        5.4345379769802094     
   5.0000000000000000        1.6218225657939911        8.8055468102296217     
   5.0000000000000000        4.2146041989326477        8.8115485509236677     
   5.0000000000000000        1.3383391499519348        2.0095556477705649     
   5.0000000000000000        4.0019851922988892        1.7833265165487919     
   5.0000000000000000        6.8094038963317871        1.6953730086485539     
   5.0000000000000000        8.8100905716419220        2.2339486579100303     
   5.0000000000000000        1.6320610046386719        5.0517731904983521     
   5.0000000000000000        4.1217580437660217        5.0129923224449158     
   5.0000000000000000        6.2785471975803375        5.4188455641269684     
   5.0000000000000000        9.2939954996109009        5.4345379769802094     
   5.0000000000000000        1.6218225657939911        8.8055468102296217     
   5.0000000000000000        4.2146041989326477        8.8115485509236677     
   5.0000000000000000        1.3383391499519348        2.0095556477705649     
   5.0000000000000000        4.0019851922988892        1.7833265165487919     
   5.0000000000000000        6.8094038963317871        1.6953730086485539     
   5.0000000000000000        8.8100905716419220        2.2339486579100303     
   5.0000000000000000        1.6320610046386719        5.0517731904983521     
   5.0000000000000000        4.1217580437660217        5.0129923224449158     
   5.0000000000000000        6.2785471975803375        5.4188455641269684     
   5.0000000000000000        9.2939954996109009        5.4345379769802094     
   5.0000000000000000        1.6218225657939911        8.8055468102296217     
   5.0000000000000000        4.2146041989326477        8.8115485509236677     
   5.0000000000000000        1.3383391499519348        2.0095556477705649     
   5.0000000000000000        4.0019851922988892        1.7833265165487919     
   5.0000000000000000        6.8094038963317871        1.6953730086485539     
   5.0000000000000000        8.8100905716419220        2.2339486579100303     
   5.0000000000000000        1.6320610046386719        5.0517731904983521     
   5.0000000000000000        4.1217580437660217        5.0129923224449158     
   5.0000000000000000        6.2785471975803375        5.4188455641269684     
   5.0000000000000000        9.2939954996109009        5.4345379769802094     
   5.0000000000000000        1.6218225657939911        8.8055468102296217     
   5.0000000000000000        4.2146041989326477        8.8115485509236677     
   5.0000000000000000        1.3383391499519348        2.0095556477705649     
   5.0000000000000000        4.0019851922988892        1.7833265165487919     
   5.0000000000000000        6.8094038963317871        1.6953730086485539     
   5.0000000000000000        8.8100905716419220        2.2339486579100303     
   5.0000000000000000        1.6320610046386719        5.0517731904983521     
   5.0000000000000000        4.1217580437660217        5.0129923224449158     
   5.0000000000000000        6.2785471975803375        5.4188455641269684     
   5.0000000000000000        9.2939954996109009        5.4345379769802094     
   5.0000000000000000        1.6218225657939911        8.8055468102296217     
   5.0000000000000000        4.2146041989326477        8.8115485509236677     
   5.0000000000000000        1.3383391499519348        2.0095556477705649     
   5.0000000000000000        4.0019851922988892        1.7833265165487919     
   5.0000000000000000        6.8094038963317871        1.6953730086485539     
   5.0000000000000000        8.8100905716419220        2.2339486579100303     
   5.0000000000000000        1.6320610046386719        5.0517731904983521     
   5.0000000000000000        4.1217580437660217        5.0129923224449158     
   5.0000000000000000        6.2785471975803375        5.4188455641269684     
   5.0000000000000000        9.2939954996109009        5.4345379769802094     
   5.0000000000000000        1.6218225657939911        8.8055468102296217     
   5.0000000000000000        4.2146041989326477        8.8115485509236677     
   5.0000000000000000        1.3383391499519348        2.0095556477705649     
   5.0000000000000000        4.0019851922988892        1.7833265165487919     
   5.0000000000000000        6.8094038963317871        1.6953730086485539     
   5.0000000000000000        8.8100905716419220        2.2339486579100303     
   5.0000000000000000        1.6320610046386719        5.0517731904983521     
   5.0000000000000000        4.1217580437660217        5.0129923224449158     
   5.0000000000000000        6.2785471975803375        5.4188455641269684     
   5.0000000000000000        9.2939954996109009        5.4345379769802094     
   5.0000000000000000        1.6218225657939911        8.8055468102296217     
   5.0000000000000000        4.2146041989326477        8.8115485509236677     
   5.0000000000000000        1.3383391499519348        2.0095556477705649     
   5.0000000000000000        4.0019851922988892        1.7833265165487919     
   5.0000000000000000        6.8094038963317871        1.6953730086485539     
   5.0000000000000000        8.8100905716419220        2.2339486579100303     
   5.0000000000000000        1.6320610046386719        5.0517731904983521     
   5.0000000000000000        4.1217580437660217        5.0129923224449158     
   5.0000000000000000        6.2785471975803375        5.4188455641269684     
   5.0000000000000000        9.2939954996109009        5.4345379769802094     
   5.0000000000000000        1.6218225657939911        8.8055468102296217     
   5.0000000000000000        4.2146041989326477        8.8115485509236677     
   5.0000000000000000        1.3383391499519348        2.0095556477705649     
   5.0000000000000000        4.0019851922988892        1.7833265165487919     
   5.0000000000000000        6.8094038963317871        1.6953730086485539     
   5.0000000000000000        8.8100905716419220        2.2339486579100303     
   5.0000000000000000        1.6320610046386719        5.0517731904983521     
   5.0000000000000000        4.1217580437660217        5.0129923224449158     
   5.0000000000000000        6.2785471975803375        5.4188455641269684     
   5.0000000000000000        9.2939954996109009        5.4345379769802094     
   5.0000000000000000        1.6218225657939911        8.8055468102296217     
   5.0000000000000000        4.2146041989326477        8.8115485509236677     
   5.0000000000000000        1.3383391499519348        2.0095556477705649     
   5.0000000000000000        4.0019851922988892        1.7833265165487919     
   5.0000000000000000        6.8094038963317871        1.6953730086485539     
   5.0000000000000000        8.8100905716419220        2.2339486579100303     
   5.0000000000000000        1.6320610046386719        5.0517731904983521     
   5.0000000000000000        4.1217580437660217        5.0129923224449158     
   5.0000000000000000        6.2785471975803375        5.4188455641269684     
   5.0000000000000000        9.2939954996109009        5.4345379769802094     
   5.0000000000000000        1.6218225657939911        8.8055468102296217     
   5.0000000000000000        4.2146041989326477        8.8115485509236677     
   5.0000000000000000        1.3383391499519348        2.0095556477705649     
   5.0000000000000000        4.0019851922988892        1.7833265165487919     
   5.0000000000000000        6.8094038963317871        1.6953730086485539     
   5.0000000000000000        8.8100905716419220        2.2339486579100303     
   5.0000000000000000        1.6320610046386719        5.0517731904983521     
   5.0000000000000000        4.1217580437660217        5.0129923224449158     
   5.0000000000000000        6.2785471975803375        5.4188455641269684     
   5.0000000000000000        9.2939954996109009        5.4345379769802094     
   5.0000000000000000        1.6218225657939911        8.8055468102296217     
   5.0000000000000000        4.2146041989326477        8.8115485509236677     
   5.0000000000000000        1.3383391499519348        2.0095556477705649     
   5.0000000000000000        4.0019851922988892        1.7833265165487919     
   5.0000000000000000        6.8094038963317871        1.6953730086485539     
   5.0000000000000000        8.8100905716419220        2.2339486579100303     
   5.0000000000000000        1.6320610046386719        5.0517731904983521     
   5.0000000000000000        4.1217580437660217        5.0129923224449158     
   5.0000000000000000        6.2785471975803375        5.4188455641269684     
   5.0000000000000000        9.2939954996109009        5.4345379769802094     
   5.0000000000000000        1.6218225657939911        8.8055468102296217     
   5.0000000000000000        4.2146041989326477        8.8115485509236677     
   5.0000000000000000        1.3383391499519348        2.0095556477705649     
   5.0000000000000000        4.0019851922988892        1.7833265165487919     
   5.0000000000000000        6.8094038963317871        1.6953730086485539     
   5.0000000000000000        8.8100905716419220        2.2339486579100303     
   5.0000000000000000        1.6320610046386719        5.0517731904983521     
   5.0000000000000000        4.1217580437660217        5.0129923224449158     
   5.0000000000000000        6.2785471975803375        5.4188455641269684     
   5.0000000000000000        9.2939954996109009        5.4345379769802094     
   5.0000000000000000        1.6218225657939911        8.8055468102296217     
   5.0000000000000000        4.2146041989326477        8.8115485509236677     
   5.0000000000000000        1.3383391499519348        2.0095556477705649     
   5.0000000000000000        4.0019851922988892        1.7833265165487919     
   5.0000000000000000        6.8094038963317871        1.6953730086485539     
   5.0000000000000000        8.8100905716419220        2.2339486579100303     
   5.0000000000000000        1.6320610046386719        5.0517731904983521     
   5.0000000000000000        4.1217580437660217        5.0129923224449158     
   5.0000000000000000        6.2785471975803375        5.4188455641269684     
   5.0000000000000000        9.2939954996109009        5.4345379769802094     
   5.0000000000000000        1.6218225657939911        8.8055468102296217     
   5.0000000000000000        4.2146041989326477        8.8115485509236677     
   5.0000000000000000        1.3383391499519348        2.0095556477705649     
   5.0000000000000000        4.0019851922988892        1.7833265165487919     
   5.0000000000000000        6.8094038963317871        1.6953730086485539     
   5.0000000000000000        8.8100905716419220        2.2339486579100303     
   5.0000000000000000        1.6320610046386719        5.0517731904983521     
   5.0000000000000000        4.1217580437660217        5.0129923224449158     
   5.0000000000000000        6.2785471975803375        5.4188455641269684     
   5.0000000000000000        9.2939954996109009        5.4345379769802094     
   5.0000000000000000        1.6218225657939911        8.8055468102296217     
   5.0000000000000000        4.2146041989326477        8.8115485509236677     
   5.0000000000000000        1.3383391499519348        2.0095556477705649     
   5.0000000000000000        4.0019851922988892        1.7833265165487919     
   5.0000000000000000        6.8094038963317871        1.6953730086485539     
   5.0000000000000000        8.8100905716419220        2.2339486579100303     
   5.0000000000000000        1.6320610046386719        5.0517731904983521     
   5.0000000000000000        4.1217580437660217        5.0129923224449158     
   5.0000000000000000        6.2785471975803375        5.4188455641269684     
   5.0000000000000000        9.2939954996109009        5.4345379769802094     
   5.0000000000000000        1.6218225657939911        8.8055468102296217     
   5.0000000000000000        4.2146041989326477        8.8115485509236677     
   5.0000000000000000        1.3383391499519348        2.0095556477705649     
   5.0000000000000000        4.0019851922988892        1.7833265165487919     
   5.0000000000000000        6.8094038963317871        1.6953730086485539     
   5.0000000000000000        8.8100905716419220        2.2339486579100303     
   5.0000000000000000        1.6320610046386719        5.0517731904983521     
   5.0000000000000000        4.1217580437660217        5.0129923224449158     
   5.0000000000000000        6.2785471975803375        5.4188455641269684     
   5.0000000000000000        9.2939954996109009        5.4345379769802094     
   5.0000000000000000        1.6218225657939911        8.8055468102296217     
   5.0000000000000000        4.2146041989326477        8.8115485509236677     
   5.0000000000000000        1.3383391499519348        2.0095556477705649     
   5.0000000000000000        4.0019851922988892        1.7833265165487919     
   5.0000000000000000        6.8094038963317871        1.6953730086485539     
   5.0000000000000000        8.8100905716419220        2.2339486579100303     
   5.0000000000000000        1.6320610046386719        5.0517731904983521     
   5.0000000000000000        4.1217580437660217        5.0129923224449158     
   5.0000000000000000        6.2785471975803375        5.4188455641269684     
   5.0000000000000000        9.2939954996109009        5.4345379769802094     
   5.0000000000000000        1.6218225657939911        8.8055468102296217     
   5.0000000000000000        4.2146041989326477        8.8115485509236677     
   5.0000000000000000        1.3383391499519348        2.0095556477705649     
   5.0000000000000000        4.0019851922988892        1.7833265165487919     
   5.0000000000000000        6.8094038963317871        1.6953730086485539     
   5.0000000000000000        8.8100905716419220        2.2339486579100303     
   5.0000000000000000        1.6320610046386719        5.0517731904983521     
   5.0000000000000000        4.1217580437660217        5.0129923224449158     
   5.0000000000000000        6.2785471975803375        5.4188455641269684     
   5.0000000000000000        9.2939954996109009        5.4345379769802094     
   5.0000000000000000        1.6218225657939911        8.8055468102296217     
   5.0000000000000000        4.2146041989326477        8.8115485509236677     
   5.0000000000000000        1.3383391499519348        2.0095556477705649     
   5.0000000000000000        4.0019851922988892        1.7833265165487919     
   5.0000000000000000        6.8094038963317871        1.6953730086485539     
   5.0000000000000000        8.8100905716419220        2.2339486579100303     
   5.0000000000000000        1.6320610046386719        5.0517731904983521     
   5.0000000000000000        4.1217580437660217        5.0129923224449158     
   5.0000000000000000        6.2785471975803375        5.4188455641269684     
   5.0000000000000000        9.2939954996109009        5.4345379769802094     
   5.0000000000000000        1.6218225657939911        8.8055468102296217     
   5.0000000000000000        4.2146041989326477        8.8115485509236677     
   5.0000000000000000        1.3383391499519348        2.0095556477705649     
   5.0000000000000000        4.0019851922988892        1.7833265165487919     
   5.0000000000000000        6.8094038963317871        1.6953730086485539     
   5.0000000000000000        8.8100905716419220        2.2339486579100303     
   5.0000000000000000        1.6320610046386719        5.0517731904983521     
   5.0000000000000000        4.1217580437660217        5.0129923224449158     
   5.0000000000000000        6.2785471975803375        5.4188455641269684     
   5.0000000000000000        9.2939954996109009        5.4345379769802094     
   5.0000000000000000        1.6218225657939911        8.8055468102296217     
   5.0000000000000000        4.2146041989326477        8.8115485509236677     
   5.0000000000000000        1.3383391499519348        2.0095556477705649     
   5.0000000000000000        4.0019851922988892        1.7833265165487919     
   5.0000000000000000        6.8094038963317871        1.6953730086485539     
   5.0000000000000000        8.8100905716419220        2.2339486579100303     
   5.0000000000000000        1.6320610046386719        5.0517731904983521     
   5.0000000000000000        4.1217580437660217        5.0129923224449158     
   5.0000000000000000        6.2785471975803375        5.4188455641269684     
   5.0000000000000000        9.2939954996109009        5.4345379769802094     
   5.0000000000000000        1.6218225657939911        8.8055468102296217     
   5.0000000000000000        4.2146041989326477        8.8115485509236677     
   5.0000000000000000        1.3383391499519348        2.0095556477705649     
   5.0000000000000000        4.0019851922988892        1.7833265165487919     
   5.0000000000000000        6.8094038963317871        1.6953730086485539     
   5.0000000000000000        8.8100905716419220        2.2339486579100303     
   5.0000000000000000        1.6320610046386719        5.0517731904983521     
   5.0000000000000000        4.1217580437660217        5.0129923224449158     
   5.0000000000000000        6.2785471975803375        5.4188455641269684     
   5.0000000000000000        9.2939954996109009        5.4345379769802094     
   5.0000000000000000        1.6218225657939911        8.8055468102296217     
   5.0000000000000000        4.2146041989326477        8.8115485509236677     
   5.0000000000000000        1.3383391499519348        2.0095556477705649     
   5.0000000000000000        4.0019851922988892        1.7833265165487919     
   5.0000000000000000        6.8094038963317871        1.6953730086485539     
   5.0000000000000000        8.8100905716419220        2.2339486579100303     
   5.0000000000000000        1.6320610046386719        5.0517731904983521     
   5.0000000000000000        4.1217580437660217        5.0129923224449158     
   5.0000000000000000        6.2785471975803375        5.4188455641269684     
   5.0000000000000000        9.2939954996109009        5.4345379769802094     
   5.0000000000000000        1.6218225657939911        8.8055468102296217     
   5.0000000000000000        4.2146041989326477        8.8115485509236677     
   5.0000000000000000        1.3383391499519348        2.0095556477705649     
   5.0000000000000000        4.0019851922988892        1.7833265165487919     
   5.0000000000000000        6.8094038963317871        1.6953730086485539     
   5.0000000000000000        8.8100905716419220        2.2339486579100303     
   5.0000000000000000        1.6320610046386719        5.0517731904983521     
   5.0000000000000000        4.1217580437660217        5.0129923224449158     
   5.0000000000000000        6.2785471975803375        5.4188455641269684     
   5.0000000000000000        9.2939954996109009        5.4345379769802094     
   5.0000000000000000        1.6218225657939911        8.8055468102296217     
   5.0000000000000000        4.2146041989326477        8.8115485509236677     
   5.0000000000000000        1.3383391499519348        2.0095556477705649     
   5.0000000000000000        4.0019851922988892        1.7833265165487919     
   5.0000000000000000        6.8094038963317871        1.6953730086485539     
   5.0000000000000000        8.8100905716419220        2.2339486579100303     
   5.0000000000000000        1.6320610046386719        5.0517731904983521     
   5.0000000000000000        4.1217580437660217        5.0129923224449158     
   5.0000000000000000        6.2785471975803375        5.4188455641269684     
   5.0000000000000000        9.2939954996109009        5.4345379769802094     
   5.0000000000000000        1.6218225657939911        8.8055468102296217     
   5.0000000000000000        4.2146041989326477        8.8115485509236677     
   5.0000000000000000        1.3383391499519348        2.0095556477705649     
   5.0000000000000000        4.0019851922988892        1.7833265165487919     
   5.0000000000000000        6.8094038963317871        1.6953730086485539     
   5.0000000000000000        8.8100905716419220        2.2339486579100303     
   5.0000000000000000        1.6320610046386719        5.0517731904983521     
   5.0000000000000000        4.1217580437660217        5.0129923224449158     
   5.0000000000000000        6.2785471975803375        5.4188455641269684     
   5.0000000000000000        9.2939954996109009        5.4345379769802094     
   5.0000000000000000        1.6218225657939911        8.8055468102296217     
   5.0000000000000000        4.2146041989326477        8.8115485509236677     
