   328.19838366058684        129.28337204867901     
                       NaN                       NaN
  -275.00000614672911       -200.00000447034847     
                       NaN                       NaN
   244.74653897240472       -264.16908423654553     
   236.41194738485393        133.28581204187830     
   125.88137993452780        175.74938123863748     
                       NaN                       NaN
                       NaN                       NaN
  -125.00000279396778        200.00000447034847     
   129.38147177417892        225.06329222402002     
                       NaN                       NaN
   227.70572923762941        233.48099372437315     
                       NaN                       NaN
                       NaN                       NaN
   134.16312542625289        78.738285803926757     
                       NaN                       NaN
  -234.08583115605632        21.932117362852036     
   280.77361272358570        76.674804798249895     
   236.71351788541543        77.297777344897341     
  -439.39831203653245        150.69560038220061     
                       NaN                       NaN
   143.50601462430114        91.061048249383276     
                       NaN                       NaN
  -251.10000266945647        234.56083540467407     
  -13.583614585650587       -116.74604443464825     
   282.88416287106133       -70.524863697282669     
                       NaN                       NaN
                       NaN                       NaN
   30.042095485074050       -285.12123902384724     
  -61.438898146593601        289.19432078350485     
                       NaN                       NaN
   4.9801269791794214        66.902551865984677     
                       NaN                       NaN
                       NaN                       NaN
   167.91971500984428       -78.091347195693260     
                       NaN                       NaN
   143.73950707461123        174.29118463224003     
   30.864599296755621        76.685159410621949     
   11.330943523151786       -397.61961140996465     
   359.78307906819958       -55.324538009281312     
                       NaN                       NaN
  -106.50394647263832        91.061191250287095     
                       NaN                       NaN
   256.89312118806527       -194.57475008945713     
  -43.257809255908889       -118.67147191225254     
  -223.29624376974931       -48.159250523754288     
                       NaN                       NaN
                       NaN                       NaN
  -109.55384520139687        356.45012867574621     
  -55.225151912469840        16.854379453121158     
                       NaN                       NaN
   5.1497741457485624        67.051730560133691     
                       NaN                       NaN
                       NaN                       NaN
   167.89354876933561        171.89886960380539     
                       NaN                       NaN
  -19.077807806059567       -16.223501380248422     
   30.884027955633595        76.652434473605197     
   36.057596304931415        288.27238404134545     
   166.29720474224746        93.728644376986935     
                       NaN                       NaN
   143.47697470340157        91.046863433177393     
                       NaN                       NaN
   3.2829408877858346        277.20396235656256     
   174.57052492922909        124.55921181900661     
   26.710188961830031       -48.142758540088373     
                       NaN                       NaN
                       NaN                       NaN
  -110.11197806177245       -143.61782563883733     
  -55.200051935680683        16.871756569732149     
                       NaN                       NaN
   14.870418479139666       -142.20980958112546     
                       NaN                       NaN
                       NaN                       NaN
   146.83630582780313       -190.97726841953249     
                       NaN                       NaN
  -19.267707281016772       -16.335148410881811     
   31.792702083322006        75.489930345438694     
   26.488825265338502        247.67004224467621     
  -25.973980303457381       -4.5003664376799524     
                       NaN                       NaN
  -290.99055367766238       -74.938020689600862     
                       NaN                       NaN
   196.50385074842595       -119.93890830974100     
  -75.469514176174229        124.58910424752069     
   26.848353645746442        201.93217602650898     
                       NaN                       NaN
                       NaN                       NaN
   74.343696643432438        22.387970256053276     
  -55.808743830493214        16.193234372284980     
                       NaN                       NaN
  -338.27366041987386       -250.11794704255934     
                       NaN                       NaN
                       NaN                       NaN
   146.45545700907525        54.997091426275155     
                       NaN                       NaN
   83.935914610733818       -158.45126859636002     
   32.043628521342271        74.857145425358638     
   26.131883066726289       -1.7226212988161156     
  -25.869678503654626       -4.6226796350126760     
                       NaN                       NaN
   208.93924437113617       -74.800577866790221     
                       NaN                       NaN
   162.98260952670717       -132.88762181810733     
   173.22745669610569        319.49369952406158     
   178.05755741254140       -86.859130015567644     
                       NaN                       NaN
                       NaN                       NaN
   74.323537161389154        22.391014244437923     
  -56.414553519950260        15.514597539934345     
                       NaN                       NaN
   308.52850520898198        391.92275901857829     
                       NaN                       NaN
                       NaN                       NaN
   182.90770446357348        64.746536736070183     
                       NaN                       NaN
  -328.11711605150657       -153.81524624422758     
  -102.53231233948024        22.121596757275661     
   23.713399766896298        2.0826523251865066     
   5.2035483176234019        11.328410943857211     
                       NaN                       NaN
   32.790284530879383       -164.80211133404902     
                       NaN                       NaN
   163.00972284731489        117.08457881502947     
  -176.95537563718688       -24.460022887933725     
  -104.34199299169461        138.16292367170030     
                       NaN                       NaN
                       NaN                       NaN
   73.984634122288128        22.261206474426846     
  -56.418966614739340        15.502709977988900     
                       NaN                       NaN
   60.672759395047024       -112.91199172319001     
                       NaN                       NaN
                       NaN                       NaN
  -140.88869913696004       -337.01435562456578     
                       NaN                       NaN
   21.534105602825857       -54.145280898283332     
   147.46777824865310        22.168636556515157     
   23.688538748047346        2.1128798411971790     
   73.220549983139833       -192.55937857168396     
                       NaN                       NaN
   119.19108611496485        160.46071360110881     
                       NaN                       NaN
  -10.427697303004809        156.16576210268062     
  -219.15655574024493        37.946823505097775     
   89.507233893365125       -159.46402427019314     
                       NaN                       NaN
                       NaN                       NaN
   73.989157121529118       -227.76034591506104     
   42.179322296704939        242.63429414517188     
                       NaN                       NaN
   48.047908912147648       -28.053152445689463     
                       NaN                       NaN
                       NaN                       NaN
   284.97154552901583        11.087858498746646     
                       NaN                       NaN
   21.608706737531246       -54.136608838260010     
   79.476196580991029       -24.049907596357826     
   197.13890007114523       -36.984444816027896     
   393.02197390887960        376.02987766438605     
                       NaN                       NaN
  -84.794417966379058       -123.95064283409828     
                       NaN                       NaN
  -9.2880482253570804       -94.611289392317033     
   336.74776615728791        78.242137884250141     
   33.023908014805954        51.425844201604249     
                       NaN                       NaN
                       NaN                       NaN
  -44.687876839656262       -35.909767127208774     
  -253.45710333837658        27.697572140413151     
                       NaN                       NaN
   48.057388368719849       -28.048298582164684     
                       NaN                       NaN
                       NaN                       NaN
  -203.36244971296168        7.2803274286301525     
                       NaN                       NaN
  -190.60239945410510       -61.870767750318969     
   78.335682796505338        226.70862132258534     
  -53.248086275499297       -37.706014380364849     
  -2.1359804524316921       -9.5249225623631908     
                       NaN                       NaN
  -39.135373195184108        91.062686110555347     
                       NaN                       NaN
  -9.2926020721545992       -94.632695689353540     
  -17.659082233240714       -36.128702550864638     
   38.407210174476205        50.013721149324127     
                       NaN                       NaN
                       NaN                       NaN
  -82.746020914784239        221.68175867045494     
   200.81850718553804       -187.37437577899334     
                       NaN                       NaN
   48.060482803910041       -28.014929594676897     
                       NaN                       NaN
                       NaN                       NaN
   41.242926583814992        8.7164366440778718     
                       NaN                       NaN
   97.110593558727871       -69.491344770071024     
   78.263843271522546       -23.314360439379282     
  -53.188161688016336       -37.705681789083243     
   6.0651548752414364       -6.3468693508303504     
                       NaN                       NaN
  -154.57186095175234       -214.57333306786563     
                       NaN                       NaN
  -33.775459305723622        54.126199345969013     
  -13.999579845878751       -24.894278858963528     
   54.699278451375093       -101.00496982592013     
                       NaN                       NaN
                       NaN                       NaN
  -82.735329004963816       -29.277844343428573     
  -49.184708415562120       -187.35316487058455     
                       NaN                       NaN
  -201.95118930543134       -27.989159512866991     
                       NaN                       NaN
                       NaN                       NaN
   87.710147694184514        12.556660136921183     
                       NaN                       NaN
  -140.52382564641428       -353.60379941828705     
  -230.60423415906777        6.9063559623200890     
   308.61795253276722        256.74174678099001     
   5.9611990629261467       -6.3063523327711950     
                       NaN                       NaN
  -151.44268138610613        30.134080670282088     
                       NaN                       NaN
   137.20356592448269        197.81357977392531     
  -11.881218885249169       -13.308785753564631     
   54.695157852712121       -101.02028762499414     
                       NaN                       NaN
                       NaN                       NaN
  -81.103485873122267       -29.674528160844996     
  -52.371301083357473        67.930990126107389     
                       NaN                       NaN
   48.048116636894072       -27.998539417074987     
                       NaN                       NaN
                       NaN                       NaN
  -65.209850547693563       -123.89759840062102     
                       NaN                       NaN
  -49.377966968703383       -31.150233115367453     
   160.30258047644219       -72.799841937841066     
   54.922242885559044       -4.4349296806395522     
   3.8098818954324249       -11.807112230842616     
                       NaN                       NaN
   102.60214600678714        24.074377931481155     
                       NaN                       NaN
   136.93265930503259       -51.956160113297472     
  -12.108215113494678       -13.332583697252257     
   54.717848026104249       -101.04464272065407     
                       NaN                       NaN
                       NaN                       NaN
  -81.097787993836207       -29.671349501092301     
  -55.528447435570556        73.217826283788440     
                       NaN                       NaN
   48.190083177250955       -28.182434022945714     
                       NaN                       NaN
                       NaN                       NaN
  -65.086442182641761       -123.93737344021265     
                       NaN                       NaN
  -49.366560489443877        218.85084076518052     
  -87.343460637361716       -67.290532724091065     
  -195.97535205140977       -3.6333023834663067     
   3.8664404470604907       -17.279997882849361     
                       NaN                       NaN
  -6.2142980055321306       -80.917756906773505     
                       NaN                       NaN
   134.70456232328863       -51.267568020595974     
  -16.094241237955615       -21.929293526658036     
   54.725931078571840       -101.01999028980968     
                       NaN                       NaN
                       NaN                       NaN
  -222.35535742421510       -174.73338290084610     
   194.51652487960899        73.185826641652284     
                       NaN                       NaN
   59.328755984878903        10.201299916020051     
                       NaN                       NaN
                       NaN                       NaN
   184.93889815445397       -123.90703221703700     
                       NaN                       NaN
   201.11883178565347       -31.720005415582772     
  -96.758924837794495       -100.02686706974906     
   57.988950782233168        4.6496139082466437     
   2.8934357210742503       -17.540275487004507     
                       NaN                       NaN
   135.03120904212264       -185.91138745315612     
                       NaN                       NaN
  -68.930082016886516        43.130969135949584     
  -16.132470503596398       -21.945020171887432     
  -195.27476932973428        148.97673572638828     
                       NaN                       NaN
                       NaN                       NaN
   301.31158130812241        398.85345361866604     
   16.718909873413995        117.38622063961760     
                       NaN                       NaN
  -182.37478505045974       -283.37821435978339     
                       NaN                       NaN
                       NaN                       NaN
  -44.749185943929014        180.23941440769983     
                       NaN                       NaN
  -120.07143728427857        424.32412658186297     
   141.74074974537888        111.69082959661554     
   79.622611852751064       -30.644669206027110     
   1.8797999770332612       -17.772079975350451     
                       NaN                       NaN
   135.26817808391311        64.609912897208716     
                       NaN                       NaN
  -69.120989450217508        37.210543228760145     
  -16.147168471452655        228.04873010882906     
   50.202185685627640        177.30685564493049     
                       NaN                       NaN
                       NaN                       NaN
   50.078619589901784       -102.34129462474556     
  -233.25491386965660       -132.62609204208826     
                       NaN                       NaN
   64.396482637069809        384.71564118226155     
                       NaN                       NaN
                       NaN                       NaN
  -41.513389489170699        12.113793573471286     
                       NaN                       NaN
  -112.94969345931989        153.30646068614246     
  -108.67300211272432        111.24407174385372     
   79.619652705039158       -30.634359394314579     
   1.8842177799168685       -17.728019139649795     
                       NaN                       NaN
   135.65078262678423        64.021460342240744     
                       NaN                       NaN
  -69.140681008373818       -212.78239635940344     
  -16.043391548146662       -21.949727222090651     
   111.60243305654740       -140.60755203004103     
                       NaN                       NaN
                       NaN                       NaN
   62.932374707942188       -98.457194301531970     
  -294.77048472567918       -64.715831269405271     
                       NaN                       NaN
  -185.58579414984092        134.69899214636769     
                       NaN                       NaN
                       NaN                       NaN
  -54.353550914981774        8.1963876822303217     
                       NaN                       NaN
   137.03204829734796        153.35288312848348     
   140.97292070238234       -138.21280464163411     
   79.604892590079828        219.36596234164972     
  -4.7308803655361080       -16.095267458605072     
                       NaN                       NaN
  -114.35447841691678       -186.04375309435622     
                       NaN                       NaN
  -69.108190333556138        37.230613295818635     
  -4.0239712467966555       -23.149742902570530     
  -88.669254302294931        291.30214126423812     
                       NaN                       NaN
                       NaN                       NaN
  -180.43600826133732        149.94377004301398     
   143.72131033348174        3.1960498558623955     
                       NaN                       NaN
   64.062721603577216       -114.91698697174957     
                       NaN                       NaN
                       NaN                       NaN
  -54.416858134818710        8.1931871767429829     
                       NaN                       NaN
  -112.96096616550710       -96.673810772901049     
   140.97868958106682        111.77071158592662     
   79.723647534681049       -29.574745756269259     
  -11.072645995735796       -14.063550701529330     
                       NaN                       NaN
  -114.39084234767112        63.934194160809611     
                       NaN                       NaN
  -69.095320333029889        37.237491092277203     
  -4.1777826670127132       -23.315167486314792     
   161.33228843171497        41.303694316700714     
                       NaN                       NaN
                       NaN                       NaN
   99.776939081923231       -94.602926044277098     
  -106.26498087960741        3.1869322135525513     
                       NaN                       NaN
   56.918022671528718       -111.02268666406462     
                       NaN                       NaN
                       NaN                       NaN
  -256.05624964618050       -57.788391052300696     
                       NaN                       NaN
  -112.97444752312528       -96.700754054870117     
  -157.47707849231011        177.52069003924586     
  -186.73215165032181       -40.507365142013334     
  -159.16944306448303       -12.732047243361375     
                       NaN                       NaN
  -113.70648286128917        63.551567065480839     
                       NaN                       NaN
   180.95860671497442        37.268513439728103     
   89.973653219601360        72.111693605815830     
  -62.705462629470773        34.013845272299285     
                       NaN                       NaN
                       NaN                       NaN
  -126.64336712791641        162.49579300165362     
   143.14593398225480        2.9459589231034169     
                       NaN                       NaN
   7.2516391256539183        139.85910323527008     
                       NaN                       NaN
                       NaN                       NaN
  -6.0821299226117551        192.16164362811332     
                       NaN                       NaN
   137.03098782124664       -96.697076489238739     
   92.519735817232927       -72.500421120589380     
   117.21210174870713        112.70360396295361     
   192.72579317853496        238.59534663341725     
                       NaN                       NaN
   135.74207793084986        64.032340034541591     
                       NaN                       NaN
   180.92667878624906        37.283039701028500     
   89.961087953427622        72.110887077013075     
  -60.689430298177633       0.44304119063780212     
                       NaN                       NaN
                       NaN                       NaN
  -126.66980565757238       -87.470244996995547     
   143.23651447893130        2.2901008422494535     
                       NaN                       NaN
   7.2128099660139053        139.87078435071982     
                       NaN                       NaN
                       NaN                       NaN
  -5.5330266825647909       -58.321837063629268     
                       NaN                       NaN
  -112.92016588776434       -96.739140687929378     
  -157.44043877407648        177.49021324757874     
   13.233677652032052       -104.40235879512051     
   8.1085179248731123       -18.688288835090272     
                       NaN                       NaN
   18.381746336384001        53.171717776212802     
                       NaN                       NaN
   111.27512585441555        124.68945600281792     
   90.256114633975088        71.346829076796681     
   23.347972847930020       -174.58947222905724     
                       NaN                       NaN
                       NaN                       NaN
  -79.495351014998633       -108.47240815586142     
  -165.86192907497625        161.74387321474975     
                       NaN                       NaN
   8.5906202892649279       -110.09306834520645     
                       NaN                       NaN
                       NaN                       NaN
  -174.88656591883472        74.820437876775415     
                       NaN                       NaN
  -246.28275148088787       -65.036887500274176     
   109.07781089204400        428.85325083505103     
   9.8022195332645730       -60.235691833726229     
   7.9237036273953008       -17.877958841218135     
                       NaN                       NaN
  -157.98283146479392       -48.181995635801385     
                       NaN                       NaN
  -173.28468514720331       -69.660748661337863     
   57.860086437903924        126.06837207621881     
  -12.804918991360836       -321.20356680730174     
                       NaN                       NaN
                       NaN                       NaN
  -66.898449241435870        24.640283927056949     
  -47.870920471907361       -27.837511442161677     
                       NaN                       NaN
  -241.44696957248055        139.90529749338958     
                       NaN                       NaN
                       NaN                       NaN
  -13.493942942935350        151.28713519887955     
                       NaN                       NaN
  -262.61478159479742       -194.28782038831056     
   109.06014995580921       -71.146296936576675     
   13.867079051922921       -64.195458871565720     
   6.7331410356282912       -15.566863057406298     
                       NaN                       NaN
   98.021494018843498       -60.977112562291488     
                       NaN                       NaN
   145.38292069857076       -62.878107612660806     
   181.47454482310175        301.30923688987161     
  -16.028413319767079       -64.801976672241778     
                       NaN                       NaN
                       NaN                       NaN
  -50.419137120195195        153.65603984602609     
  -51.524461879675066       -17.848747153675973     
                       NaN                       NaN
   1.1135511757439280        206.50152499803013     
                       NaN                       NaN
                       NaN                       NaN
  -19.104950325612052       -102.12170918085044     
                       NaN                       NaN
   162.87838575498643        346.88725848984399     
   239.88360671899204        7.5659893438521806     
   13.902871592840444       -64.215779873414192     
   11.583386179051177       -25.926821106284073     
                       NaN                       NaN
   97.990687120191993        189.03724986191432     
                       NaN                       NaN
  -104.30877947021561       -60.793026405453837     
   10.522654650171836       -125.67516233266558     
  -16.842661120334007        186.13021402909268     
                       NaN                       NaN
                       NaN                       NaN
  -50.441946968659146       -96.352096602423742     
   194.80114051141203       -7.8206564101597547     
                       NaN                       NaN
  -155.90613664435446        355.20612917954662     
                       NaN                       NaN
                       NaN                       NaN
  -20.289536962928803        148.37288308172612     
                       NaN                       NaN
  -87.061006247131061       -153.08412835041025     
  -10.441944613253975        5.2766123954737889     
   342.70768556363430       -36.861449473295906     
  -132.15554964611266        12.844393799473600     
                       NaN                       NaN
   35.006020519257987        29.241636550622268     
                       NaN                       NaN
  -58.228324571505766       -98.794264638509262     
   295.04291541213456        176.51038594101229     
  -76.734290467857761       -30.595387570192834     
                       NaN                       NaN
                       NaN                       NaN
  -50.453046130918167        153.65561922312671     
  -39.967484749385370        5.3050515595645056     
                       NaN                       NaN
  -72.637900587751901        28.714460117637806     
                       NaN                       NaN
                       NaN                       NaN
   242.48762341766727       -102.28640111084074     
                       NaN                       NaN
  -87.914771862338071        96.442387107775261     
  -33.015965587483699       -16.076662735380211     
  -59.115689336057763       -127.45147596516439     
  -132.15877211020671        12.894510040094493     
                       NaN                       NaN
  -216.12024010692511       -217.89564655504401     
                       NaN                       NaN
  -58.310430413996244       -98.811504937495485     
   45.043822864421763       -73.489953324261791     
  -76.728634302720351       -30.605463839721928     
                       NaN                       NaN
                       NaN                       NaN
   200.73679067524225       -99.171247903397287     
  -39.900187000157082        5.3693797868250055     
                       NaN                       NaN
   47.349528573861747        215.29601121034216     
                       NaN                       NaN
                       NaN                       NaN
   372.50531741080414       -38.863486566251126     
                       NaN                       NaN
  -87.921772304846058        96.425287961729140     
  -33.020355177114723       -16.173194455707677     
   190.83847388904530       -127.46496031398600     
   117.64605480554260        12.759318397782293     
                       NaN                       NaN
   32.675748049623699        34.984684667525215     
                       NaN                       NaN
  -82.557124299673049       -66.759795412812778     
  -204.31973340508048       -72.913826975717498     
  -76.752926996987242       -30.600769939906762     
                       NaN                       NaN
                       NaN                       NaN
   53.999262376328510        133.24389720224295     
  -14.428641146038117       -25.772727986325471     
                       NaN                       NaN
  -55.760299598565972        229.31081019644566     
                       NaN                       NaN
                       NaN                       NaN
  -129.27499389146138        217.59517053193861     
                       NaN                       NaN
  -87.887381084295342       -153.61273124477211     
  -31.242045813600264       -22.683701935545344     
   190.21561182575033        121.95942036604697     
  -132.36986193579332        12.796100026664204     
                       NaN                       NaN
  -271.79327748537821        114.42167754280241     
                       NaN                       NaN
  -108.07044777681811       -35.628395339912998     
   246.16186654686487        286.13511914968586     
   14.539141335039238        162.74373448370312     
                       NaN                       NaN
                       NaN                       NaN
  -37.077581462095736       -59.879776526587150     
   11.117575618977995       -56.985655954215375     
                       NaN                       NaN
   124.75870086371566       -435.77365434604997     
                       NaN                       NaN
                       NaN                       NaN
  -131.39604359464983       -27.395480911587502     
                       NaN                       NaN
   98.026246665115366       -139.92370890649093     
   220.38572843893013       -29.338918166323015     
  -71.968510895471269        86.338695669820282     
  -176.88969597306499        101.01679706391303     
                       NaN                       NaN
  -16.919919848837427       -393.39905300555307     
                       NaN                       NaN
  -108.07634046688969       -35.624685126361570     
  -18.146728698280096        36.236308852452098     
  -91.785598454895521        122.17013613093405     
                       NaN                       NaN
                       NaN                       NaN
   123.38082013005443       -5.3886060783942753     
   11.076216755435217       -56.993436277251163     
                       NaN                       NaN
   55.269597225093221        149.09140808606082     
                       NaN                       NaN
                       NaN                       NaN
   118.19059380989405       -28.526616705134447     
                       NaN                       NaN
  -151.96319477478195       -139.90962880348130     
  -31.315480447162319       -27.544020123969716     
   249.49510005399210        406.33591907515182     
   190.41554974102002        29.949740758536652     
                       NaN                       NaN
   291.93223612680362        268.38577237953331     
                       NaN                       NaN
   141.92459347813497       -35.638347396242210     
  -14.730302331996544       -209.26045172913885     
  -130.11291651951626       -356.10345427377302     
                       NaN                       NaN
                       NaN                       NaN
   178.95143702990461        53.339148532945238     
   49.323396355403979       -78.630607107229821     
                       NaN                       NaN
  -120.89916913093714        58.385250160700799     
                       NaN                       NaN
                       NaN                       NaN
   172.07471068199015       -250.80152598342022     
                       NaN                       NaN
   103.11799640679413        107.49711482995889     
  -39.742715293117861       -29.493491445821554     
   140.06057511777203        69.835363186426548     
  -59.586797835181009        29.928614214723915     
                       NaN                       NaN
  -208.51083909003304        18.532713107868744     
                       NaN                       NaN
   141.99247063918634       -35.744274503889571     
  -11.218573230691256        45.249376592648581     
   119.74335161599862       -106.06011845338645     
                       NaN                       NaN
                       NaN                       NaN
  -257.26798814975791       -46.234357839423367     
  -14.476963470203454       -228.96963018092291     
                       NaN                       NaN
   129.10450569418697        58.350143917665115     
                       NaN                       NaN
                       NaN                       NaN
  -14.307546918943988       -8.3621418499409650     
                       NaN                       NaN
   39.396673020151184        115.10871264713757     
  -42.650843443890338       -34.161363858891988     
  -109.90208510824307        69.826843706823070     
   129.20762512854546        215.84006412202626     
                       NaN                       NaN
   41.497112094851559        18.512080491199086     
                       NaN                       NaN
   142.17159960618369       -35.813682778034597     
  -11.216052438281256        45.257938007383025     
  -131.28201385471201       -106.10825127033836     
                       NaN                       NaN
                       NaN                       NaN
  -7.3165154419087575       -46.206007494114459     
   121.48781318205771        180.97409251164331     
                       NaN                       NaN
   1.6975804327337678        85.523622712889519     
                       NaN                       NaN
                       NaN                       NaN
   149.74183518547821       -20.578170620005150     
                       NaN                       NaN
   171.85664605218199       -190.58903063767457     
  -45.269382356808585       -33.172109490977640     
  -100.26086710393386        13.823977534364117     
   60.787015355886645        29.168039055103932     
                       NaN                       NaN
  -39.013974581520401       -228.17400230036424     
                       NaN                       NaN
  -107.72717931646024        214.22708169305429     
   146.62032921226887        83.003087796934679     
  -86.469763089490698        89.288103542115493     
                       NaN                       NaN
                       NaN                       NaN
   151.49368521401539        310.14467742787252     
  -24.407352927218493       -81.119718147378578     
                       NaN                       NaN
  -125.71341153678792       -137.32384836458456     
                       NaN                       NaN
                       NaN                       NaN
  -21.624489992397418       -153.05093112526643     
                       NaN                       NaN
  -134.53300228536153       -2.9063449355551185     
   45.866524908894839       -139.45033912891373     
  -152.96301745360591       -106.34128800496381     
  -87.068038354403782       -111.81461771537603     
                       NaN                       NaN
  -39.022526934113564        21.801207259505158     
                       NaN                       NaN
  -109.63640070178421       -35.379395554933737     
   146.76947096753199        83.189777262837865     
  -89.011332624708203       -155.48494130343764     
                       NaN                       NaN
                       NaN                       NaN
   151.46979839033142       -189.89953195158290     
   127.39142634548745        304.01590640114080     
                       NaN                       NaN
   98.053439412929492       -8.9776035810433950     
                       NaN                       NaN
                       NaN                       NaN
   21.127849449572349        137.02431619340481     
                       NaN                       NaN
  -134.51043337319240       -2.9527584035452290     
   29.710398649295357        192.27032363135407     
   97.041723456949086       -106.32815915123514     
  -87.030227832573985       -111.75357491757455     
                       NaN                       NaN
   286.58920936397209        167.80900204218827     
                       NaN                       NaN
  -322.08656469650754        36.330894541031441     
   8.5562548844816213       -9.9030327315114324     
  -89.052035087756764        94.453618190361809     
                       NaN                       NaN
                       NaN                       NaN
  -98.568921401305616        60.092989598927524     
  -121.36595520653898       -196.85136664817256     
                       NaN                       NaN
   98.062049688221123        241.06389091290893     
                       NaN                       NaN
                       NaN                       NaN
  -292.63613763937900       -34.657755206830799     
                       NaN                       NaN
   139.32083893906733        123.16102426775495     
   93.473567753843554       -385.94221212737466     
  -152.94672090077106       -106.33895953675393     
  -34.139167641900180        48.288958539470109     
                       NaN                       NaN
   36.616912347654356       -82.195738582288584     
                       NaN                       NaN
   109.07789704361358        62.921351174741893     
  -126.62593115072362       -91.423111308869110     
  -67.954875306353159        138.02074578731177     
                       NaN                       NaN
                       NaN                       NaN
   151.44242997571669        60.077914610817039     
   314.81769383094627       -30.214827195096358     
                       NaN                       NaN
   98.019184840184224       -8.8923680496445012     
                       NaN                       NaN
                       NaN                       NaN
   269.86126902041576       -121.78375279629252     
                       NaN                       NaN
   187.40619755267252        52.941878613261828     
  -91.933161443821035        285.75620709773091     
  -134.27306320287963        313.96730909023131     
  -30.670940826323445        47.575075854621026     
                       NaN                       NaN
   36.545174566293142        167.79683984276431     
                       NaN                       NaN
  -52.965166173526910        156.37785671466693     
   123.35456438653121        158.57203853786396     
   238.62750173512177       -6.2820767357888103     
                       NaN                       NaN
                       NaN                       NaN
  -98.514123957442393       -189.90847636157179     
  -332.48274452165703        16.499763706772509     
                       NaN                       NaN
   98.083401299877266       -8.8780611260781619     
                       NaN                       NaN
                       NaN                       NaN
   19.842989790199084        128.22621923865648     
                       NaN                       NaN
   187.41455063828951        52.957360453439961     
   154.91052954926499        39.479413163396302     
   118.16964379085024        65.048613692674948     
   219.88763176817909        50.461324768626760     
                       NaN                       NaN
   5.5422942881298480        128.78596322508645     
                       NaN                       NaN
  -53.164426582822344       -93.384294413969840     
   46.588257295706178       -119.35333534782190     
  -11.339506262760873       -6.2589255350089239     
                       NaN                       NaN
                       NaN                       NaN
  -98.508850757232665        60.094765689756265     
  -82.812677841648380        13.377456338883952     
                       NaN                       NaN
  -81.190279527406460       0.70485066869041357     
                       NaN                       NaN
                       NaN                       NaN
  -425.29329274875721        160.05034216775567     
                       NaN                       NaN
  -62.621409869284129       -197.03896913071497     
  -95.119501928023269        39.491888324895420     
   100.34712009165438        90.533489049362345     
  -30.293116298050411       -199.59117799078251     
                       NaN                       NaN
  -59.244466441915399       -364.96629880551404     
                       NaN                       NaN
   25.877496790067394       -252.52854229291671     
  -30.206129400328930       -147.27008536369701     
  -13.025736922812039        417.66425886425901     
                       NaN                       NaN
                       NaN                       NaN
   41.757837263758972       -201.65302473676923     
  -82.782505293686214        13.357196201174702     
                       NaN                       NaN
  -371.87913352474123       -92.767236307739452     
                       NaN                       NaN
                       NaN                       NaN
   74.706862684009636       -89.950828070239339     
                       NaN                       NaN
  -62.629062973421945        53.024459391315602     
  -380.33301159680786       -98.384305488951313     
   100.36631805197018        90.530118054737159     
  -43.589959367251247       -113.32294056995298     
                       NaN                       NaN
   7.1396054377637999        12.527280004457019     
                       NaN                       NaN
   26.417601120746603       -1.7959081400011530     
   214.51097811455756       -167.34767615623647     
   308.52214907522438       -67.848120977946522     
                       NaN                       NaN
                       NaN                       NaN
  -30.901174098613335        34.589163210839487     
   69.417330033093549        286.32775038019139     
                       NaN                       NaN
   134.39912786550440       -151.59432370163344     
                       NaN                       NaN
                       NaN                       NaN
  -170.06654493348248        180.12220008690829     
                       NaN                       NaN
  -62.630795833433261        53.000637457839105     
   158.56505827213124       -26.427911561398851     
   100.53201017963313        89.234405773561448     
  -78.955458347100887       -18.314922424866044     
                       NaN                       NaN
  -18.019110054569957       -145.87480294463876     
                       NaN                       NaN
   25.448906747652618       -1.1596708714489905     
  -35.511451031034305       -167.38230582056076     
   81.604692072136601        172.86303343166657     
                       NaN                       NaN
                       NaN                       NaN
  -31.527110769768569        35.233031625793544     
   69.420112595178935        36.329687933649019     
                       NaN                       NaN
  -115.57396434877444        98.453805411549553     
                       NaN                       NaN
                       NaN                       NaN
  -170.07774143890543       -69.880175390263275     
                       NaN                       NaN
  -62.644219017963543        52.978909218428434     
  -52.997888300689482        45.634820671380950     
  -148.85141017996526        88.583144965936881     
  -78.959396221790328        231.68648994256932     
                       NaN                       NaN
  -18.025965196484400        104.15072823092164     
                       NaN                       NaN
  -113.18821778196148       -5.5263293672236653     
  -2.5668079412420548       -189.71699420311364     
  -168.41797847661581       -77.175801410267553     
                       NaN                       NaN
                       NaN                       NaN
   107.08272241830680        39.573725791749730     
   69.477270439499563       -213.69339068895204     
                       NaN                       NaN
   310.43973686061418       -4.0500855194112075     
                       NaN                       NaN
                       NaN                       NaN
  -170.07251728487122       -69.929915425961340     
                       NaN                       NaN
  -62.646036632007437        53.048708371933770     
   196.96106946679146        45.672993827750851     
  -107.76851054817126        213.42442625663449     
  -78.952830705819906       -18.273629291637885     
                       NaN                       NaN
  -18.020350605082911       -145.86704873678278     
                       NaN                       NaN
  -113.17786996778909       -5.5444329391575611     
   43.046458229291666        44.890088084226996     
   81.595545282140705        172.81858534020910     
                       NaN                       NaN
                       NaN                       NaN
  -142.92293142293104        39.541930231035586     
  -180.57456385966975        36.334558360246703     
                       NaN                       NaN
   14.850436971511790        11.292678305465701     
                       NaN                       NaN
                       NaN                       NaN
  -178.89490605168035       -74.735677085693951     
                       NaN                       NaN
   95.698774573499193        154.35761812251494     
  -44.178467418401844       -199.49126474034333     
   233.84606848906319       -137.85885543138886     
  -78.952101713137637       -18.277943869184838     
                       NaN                       NaN
  -59.137105886061022       -166.34652039158718     
                       NaN                       NaN
   136.78032015149523       -5.5363543624792291     
  -115.19240777601021       -21.037165240339025     
   256.64698976522050        6.2729917239901008E-003
                       NaN                       NaN
                       NaN                       NaN
  -171.30881961189104       -64.388011087652330     
   68.074570100195416        39.697130044719920     
                       NaN                       NaN
   14.835644389669792        11.261088725805891     
                       NaN                       NaN
                       NaN                       NaN
   71.121155153558988       -74.708426526172474     
                       NaN                       NaN
   121.48005467168910       -88.036112708933544     
  -15.922058783503283       -97.168711017262908     
  -16.110865771222837        111.99929807212054     
   37.819559180438105       -29.202129997041983     
                       NaN                       NaN
  -18.479817286765957        1.1426757995023156     
                       NaN                       NaN
  -113.17302894725667       -5.4929972971366174     
  -72.608213361612087       -2.1668656229132468     
  -459.35307576804837       -102.97213550705230     
                       NaN                       NaN
                       NaN                       NaN
  -90.365333554108616        1.8791587634613893     
   68.356931200345983        41.641293206115343     
                       NaN                       NaN
   128.73324663383087       -388.22509812995258     
                       NaN                       NaN
                       NaN                       NaN
  -326.86500327316151       -490.43615226498474     
                       NaN                       NaN
  -102.71917033697716       -80.407594741982251     
   12.307552110389510        5.1286115282714517     
  -101.33829984674711       -73.424237869348417     
  -216.37335126375677       -22.811277954582692     
                       NaN                       NaN
  -17.815001876543814       0.86988555993324723     
                       NaN                       NaN
  -113.16105125199458       -5.4787031310110903     
   79.140033354712841       -21.552989234266679     
   196.71542346564055        71.995417124687847     
                       NaN                       NaN
                       NaN                       NaN
  -93.811874954390035        1.9893265297731422     
   68.458106392078477       -208.01325049848285     
                       NaN                       NaN
  -140.49744957693989        201.75008035293527     
                       NaN                       NaN
                       NaN                       NaN
   381.78542348467806        267.18238367368679     
                       NaN                       NaN
  -102.72329671549994       -80.447896309901964     
   15.632014949724425       -2.0907957772865680     
  -95.033606905638578       -75.927624528881253     
  -394.28675767906765        57.052708495394675     
                       NaN                       NaN
  -20.385255423736083        4.0222576454434638     
                       NaN                       NaN
   138.42165201250080       -7.5803242953702172     
  -19.078085395769175       -40.918843719917028     
  -266.89797955246473        211.28775231318724     
                       NaN                       NaN
                       NaN                       NaN
   46.210570962603718       -177.31122707881400     
   38.947893484328084       -100.59368148541179     
                       NaN                       NaN
  -118.01842186223521       -143.97423225991275     
                       NaN                       NaN
                       NaN                       NaN
  -11.917591940965908        190.12739173903037     
                       NaN                       NaN
   156.27428343309015       -80.227021195499844     
  -86.557599418353803       -187.62995292591202     
  -250.39736415912682        153.20971867551904     
   130.06109119873364        56.621646366334922     
                       NaN                       NaN
   161.97082509541241       -161.06826528702530     
                       NaN                       NaN
   137.56914091068978       -5.8120567302970967     
  -122.81003354010552        30.188802926834903     
   50.788471997244898       -123.65703570217650     
                       NaN                       NaN
                       NaN                       NaN
   44.151332042718529        65.397175321640248     
  -7.6510298796380125       -4.3885522645446287     
                       NaN                       NaN
   328.03904326863358        275.11016953896120     
                       NaN                       NaN
                       NaN                       NaN
  -12.357229144363972       -60.328848615735339     
                       NaN                       NaN
  -14.325704731178281        160.83494963678197     
   130.67745004710238       -40.310123249642729     
   136.20201842934364       -65.123314757819827     
   130.03472131002161        56.608992963064388     
                       NaN                       NaN
  -98.434503462154495        65.842737837224163     
                       NaN                       NaN
  -107.37824414502904        1.7545715606461245     
   122.40928193675815       -221.53450801488950     
  -199.18809767693492       -123.65229334511305     
                       NaN                       NaN
                       NaN                       NaN
   44.139887108978634        65.398054216468111     
  -20.842900768200298        3.8908744770819292     
                       NaN                       NaN
   82.810302185522119        26.850004241301246     
                       NaN                       NaN
                       NaN                       NaN
   6.2481023680426029       -53.107498878676225     
                       NaN                       NaN
  -14.363565339738356       -89.165228111864209     
   130.66392582825085       -40.329233134506275     
  -113.78355600266623       -65.091937803296048     
   143.90322006485616       -195.36788462152677     
                       NaN                       NaN
   129.87218197464691        63.818293660924084     
                       NaN                       NaN
   158.10831095773946        210.96567735883085     
   87.136409050088872        213.50642184910484     
  -25.145761316152452        154.83752479797909     
                       NaN                       NaN
                       NaN                       NaN
  -205.86964515628216       -184.54266735161764     
  -17.730315095325711       -1.3113140906222394     
                       NaN                       NaN
   72.000729634407790        69.426001396962647     
                       NaN                       NaN
                       NaN                       NaN
  -126.28488182867180        28.261902638733510     
                       NaN                       NaN
  -37.252320357390133        58.150680783363647     
   161.21456855109321        22.276369746679993     
   122.36286803971188       -62.556453397564411     
  -106.47787896055384        54.300883767821283     
                       NaN                       NaN
   48.802466360692414        164.67582479991026     
                       NaN                       NaN
  -6.2679364617564612       -175.89256766155646     
  -352.05301786414873       -357.23160705151690     
   305.93181588794596        53.947280066070483     
                       NaN                       NaN
                       NaN                       NaN
   42.085008290481817        64.575446396320245     
  -17.683767182676188       -1.2819626743642649     
                       NaN                       NaN
   71.998231024664435        69.436480804253662     
                       NaN                       NaN
                       NaN                       NaN
   36.737159223832414       -12.932881891607089     
                       NaN                       NaN
  -94.972804020367732       -191.48473873680243     
   161.28524919442401        21.671193391604717     
   122.93083356244524        187.68119039297162     
   143.46766833443306        54.325726840919344     
                       NaN                       NaN
   46.879373375446370        163.20048929420841     
                       NaN                       NaN
   194.05960427672613        170.84567638282061     
   147.96652360932683       -107.31864502467270     
   91.568938633403931        11.139850728610742     
                       NaN                       NaN
                       NaN                       NaN
   39.739776749855181        63.338254985918212     
   47.798201781260225       -91.306844446538790     
                       NaN                       NaN
   356.55396390412733        190.67346773913522     
                       NaN                       NaN
                       NaN                       NaN
  -279.57019981124154        77.287720847854203     
                       NaN                       NaN
  -93.249492004500169       -189.84461574383960     
   143.53835312231845       -152.12442086813786     
  -126.43734174022886        187.24789204075475     
  -176.37056191440766       -22.269420480628380     
                       NaN                       NaN
   46.877577259318009        163.22439318927943     
                       NaN                       NaN
   199.70793984495188       -77.815896125326802     
   147.99509487825580       -107.35384584401106     
   85.968372798557297        9.7963046513592804     
                       NaN                       NaN
                       NaN                       NaN
   99.779328592110176        115.89457013664662     
   143.95739336454253       -410.36063053081267     
                       NaN                       NaN
  -143.54603462454895       -59.474068009642345     
                       NaN                       NaN
                       NaN                       NaN
   123.63797135077415       -102.08728113128305     
                       NaN                       NaN
   346.64835168050064        6.2682715648792522     
  -35.976691630887714       -325.44326429435273     
   123.63663421969251       -62.914608288779981     
   84.159134489156898       -91.879058230113316     
                       NaN                       NaN
   46.377104709417921        162.94864021020868     
                       NaN                       NaN
   51.989403365721309        187.71443842495586     
   323.19352430260489        14.744588019735223     
   86.016352534106616        9.7933724284506738     
                       NaN                       NaN
                       NaN                       NaN
  -60.409396287767187        193.28708882804679     
  -105.99057644273650        89.753263262964140     
                       NaN                       NaN
   171.55437879073637        115.85098396388840     
                       NaN                       NaN
                       NaN                       NaN
   135.17939931814149       -107.15421814322995     
                       NaN                       NaN
   95.858770819479943        3.1426470705907787     
   37.657423835523041        249.67445849852385     
  -153.27014920368285        299.58836520681405     
  -22.741640313085401       -21.971194225132347     
                       NaN                       NaN
  -203.60773814086181        162.92732953906955     
                       NaN                       NaN
  -12.797305650256289       -124.56572318081938     
   63.890506493015614        4.8352451131032730     
   7.0800208122611412        22.745415442780967     
                       NaN                       NaN
                       NaN                       NaN
   110.21803926446445       -63.340876931852293     
  -106.01499077359956       -160.23204512892565     
                       NaN                       NaN
  -76.905524608373099       -134.21404067644789     
                       NaN                       NaN
                       NaN                       NaN
  -408.01729838307858       -349.67479519788458     
                       NaN                       NaN
   95.395514021781779        3.0777772836246178     
   116.57708046504952       -14.268293696730321     
  -100.76132089631000        52.145732084513618     
  -23.929083668026870       -20.277927745984503     
                       NaN                       NaN
   127.89643487469802       -139.84211115382914     
                       NaN                       NaN
  -8.9299939114479798       -131.59173115333812     
  -270.36462039727229        31.314798935377979     
   177.54510535718182        76.742258041405577     
                       NaN                       NaN
                       NaN                       NaN
  -55.449318310525342        160.23798147887928     
   143.94656998696837       -160.22790896700360     
                       NaN                       NaN
  -75.356537770061848        115.10408818803239     
                       NaN                       NaN
                       NaN                       NaN
   86.663666237186035        156.20049669440644     
                       NaN                       NaN
   94.952211647199860        3.0106945235688873     
  -133.90496318935530       -15.335650265067247     
   149.24588819827093        52.129558612657512     
   85.333638313387553       -288.33810400150446     
                       NaN                       NaN
   109.59983748449062       -171.32668876351008     
                       NaN                       NaN
   9.2973013617517086       -455.61628216784533     
  -376.40389365639339       -280.47850763027816     
  -201.87311822653231        172.29088870328385     
                       NaN                       NaN
                       NaN                       NaN
   28.802621790598526       -116.19946619433620     
  -106.00044396425334       -160.71738857756725     
                       NaN                       NaN
  -72.207279833541051        125.53022859399098     
                       NaN                       NaN
                       NaN                       NaN
  -143.05029271725383       -6.6947020131802253     
                       NaN                       NaN
   113.20404729830787       -215.52495931074648     
   116.35707420881873       -27.630144846727113     
  -100.74414976837795        52.169639869914676     
  -368.62882450467913        289.64785052913822     
                       NaN                       NaN
   91.320218530679611        47.195379419623073     
                       NaN                       NaN
   9.2644692630364140        44.453296797543899     
   125.99650655651475       -121.32111607714120     
  -13.403468578350914        70.482207527760053     
                       NaN                       NaN
                       NaN                       NaN
  -207.70592095034507        160.52927429147960     
  -73.954913603459616       -187.31258601414225     
                       NaN                       NaN
  -22.155737139169478       -398.18716419724154     
                       NaN                       NaN
                       NaN                       NaN
   133.61048612039042        80.598778623833468     
                       NaN                       NaN
  -26.460870913601404        188.89888603631883     
  -23.806884563763180        120.13043392857205     
  -161.75971792630051        82.349311911306074     
  -113.89704830347726        207.50654737824235     
                       NaN                       NaN
  -160.42604530881309        3.1660781315758024     
                       NaN                       NaN
   9.2675007301642616        44.415790226155721     
   125.99556641433738        128.72911233776443     
  -17.460391794922312        74.080848494293988     
                       NaN                       NaN
                       NaN                       NaN
   17.121717775518775       -46.362508942348363     
  -73.821923460548462        62.314084825248266     
                       NaN                       NaN
  0.41217344929761213        140.24712132243320     
                       NaN                       NaN
                       NaN                       NaN
   133.39794005155181       -168.99227675314992     
                       NaN                       NaN
  -23.744581052512046       -261.85684090483744     
  -22.824997782977665        111.84220315714204     
  -161.70456283873128       -167.62561208340497     
   79.634643582640692        187.55807560834728     
                       NaN                       NaN
   60.187560002397618       -185.77615635778591     
                       NaN                       NaN
   9.2696323450008542        44.408631765495976     
   126.35910349515976        141.74295391519786     
  -23.319728601030295       -168.60018967123466     
                       NaN                       NaN
                       NaN                       NaN
   17.124940481492370       -46.355980297723043     
  -17.716904020450155        69.259635245826288     
                       NaN                       NaN
  0.41063426731464653        140.25104504560287     
                       NaN                       NaN
                       NaN                       NaN
  -88.986036858764805       -24.089062265582317     
                       NaN                       NaN
  -17.628690179814935        285.84460616485592     
  -26.877084036817827       -141.67476992774075     
  -156.14271692584478       -175.10424287056034     
  -170.60460223618992       -62.562205933219026     
                       NaN                       NaN
  -2.8001319971764618       -412.46520518824673     
                       NaN                       NaN
   42.912823740384113        41.902920542974726     
  -116.94523035334149        152.26376444162062     
  -29.098375281042703       -161.23530590230149     
                       NaN                       NaN
                       NaN                       NaN
  -14.321779497570592       -78.606927434866236     
  -18.100738072094636        56.215144268481090     
                       NaN                       NaN
  -39.604192041153333       -104.80849865345057     
                       NaN                       NaN
                       NaN                       NaN
  -88.953291029607158       -24.164483241699426     
                       NaN                       NaN
  -204.31889751439212        12.745338852476488     
  -26.817041256425892        108.39840874474767     
   130.96679791402400       -150.21842090566494     
  -172.54311467565392       -59.509316704116472     
                       NaN                       NaN
  -343.47154499826081        302.53582809089579     
                       NaN                       NaN
  -179.41523573660825       -149.84575991234317     
   210.46175230920002        158.68663804137887     
  -29.078476169829514        88.752190237773348     
                       NaN                       NaN
                       NaN                       NaN
  -128.14391593003739        16.853693905722885     
  -317.82011480947045       -187.19709604700768     
                       NaN                       NaN
   34.658522749419767       -32.916589736619578     
                       NaN                       NaN
                       NaN                       NaN
  -87.011024205413449        222.77075116675056     
                       NaN                       NaN
  -313.82407784283890       -404.97017121389376     
  -26.758564026712030        108.49078851087314     
   65.260814400636818       -186.18640293786646     
   136.02515056784617        267.44290551780426     
                       NaN                       NaN
   157.36969637663623       -70.953991525745167     
                       NaN                       NaN
   70.521513854693850       -149.92408585559511     
  -41.638871368130786        33.146140749779327     
   162.23898371577965        11.815575015597874     
                       NaN                       NaN
                       NaN                       NaN
   151.47142919409873       -152.00769817814319     
   179.29501687168516        61.814224607108237     
                       NaN                       NaN
  -214.32278503276029        214.73007970023232     
                       NaN                       NaN
                       NaN                       NaN
  -87.010588500293139       -27.199154345416183     
                       NaN                       NaN
   214.02326736350369        207.23707481112416     
   51.729650025120549       -311.84573180016537     
  -67.387397300561503       -206.79078529834567     
   69.594970037528782       -84.848978617885479     
                       NaN                       NaN
  -89.404148126386715       -66.703598960459843     
                       NaN                       NaN
  -93.705079019498271       -236.02711681243559     
   41.354594278374925       -35.802341570802312     
  -87.926038121528023        11.894075912933230     
                       NaN                       NaN
                       NaN                       NaN
   103.89352950024475       -85.391001945818587     
  -85.382400227406265        58.313859188977375     
                       NaN                       NaN
   31.180483562755899       -37.808003606719048     
                       NaN                       NaN
                       NaN                       NaN
  -172.77551083034882        58.987599954229140     
                       NaN                       NaN
  -26.704330731486646       -43.418165602677227     
  -217.55618253661729       -57.242835762437188     
  -10.254849588494910       -104.48895071974782     
   18.347565645866045       -240.08557137953875     
                       NaN                       NaN
  -214.74098934692586        15.286877056042643     
                       NaN                       NaN
  -63.577011217598667        73.916243799584507     
   8.0807860114180734       -13.902897915635821     
  -267.17180887638318       -118.41026702395639     
                       NaN                       NaN
                       NaN                       NaN
  -147.04818723197820       -87.716123856784279     
  -12.619108879566076       -222.53634150923011     
                       NaN                       NaN
   141.66891764139345        36.591926705326102     
                       NaN                       NaN
                       NaN                       NaN
   170.68801146702734        25.473057308252379     
                       NaN                       NaN
  -174.20322774704695        65.992645682265135     
   13.063016357381603        197.34594326677529     
  -10.172925258546380       -104.49094586307002     
