          0.00000000          0.00000000
         75.00000000          0.01000339
        150.00000000      27595.98242188
        225.00000000          0.52080089
        300.00000000          0.00001570
        375.00000000          1.42989302
        450.00000000      27074.29687500
        525.00000000          0.48707891
        600.00000000          0.00000001
        675.00000000          0.68211347
        750.00000000      23570.91015625
        825.00000000          5.93906879
        900.00000000          0.00011910
        975.00000000          8.01164913
       1050.00000000      22265.84375000
       1125.00000000          1.86111271
       1200.00000000          0.00000011
       1275.00000000          1.71522236
       1350.00000000      16877.98046875
       1425.00000000         12.60650349
       1500.00000000          0.00023217
       1575.00000000         14.53407001
       1650.00000000      15351.49414062
       1725.00000000          3.04933119
       1800.00000000          0.00000037
       1875.00000000          2.18834496
       1950.00000000      10131.37695312
       2025.00000000         15.19136715
       2100.00000000          0.00026777
       2175.00000000         16.16164017
       2250.00000000       8873.64257812
       2325.00000000          3.23314214
       2400.00000000          0.00000065
       2475.00000000          1.88230813
       2550.00000000       5098.16015625
       2625.00000000         12.77627754
       2700.00000000          0.00021933
       2775.00000000         12.86671257
       2850.00000000       4300.29199219
       2925.00000000          2.50154424
       3000.00000000          0.00000071
       3075.00000000          1.20013416
       3150.00000000       2150.54882812
       3225.00000000          8.09521961
       3300.00000000          0.00013637
       3375.00000000          7.80726910
       3450.00000000       1747.21655273
       3525.00000000          1.48775899
       3600.00000000          0.00000055
       3675.00000000          0.59226441
       3750.00000000        760.43731689
       3825.00000000          4.00930834
       3900.00000000          0.00006600
       3975.00000000          3.72623563
       4050.00000000        595.18017578
       4125.00000000          0.69892263
       4200.00000000          0.00000033
       4275.00000000          0.23158127
       4350.00000000        225.39544678
       4425.00000000          1.58446610
       4500.00000000          0.00002559
       4575.00000000          1.42449951
       4650.00000000        169.98483276
       4725.00000000          0.26356274
       4800.00000000          0.00000015
       4875.00000000          0.07275280
       4950.00000000         56.00007629
       5025.00000000          0.50604331
       5100.00000000          0.00000806
       5175.00000000          0.44117975
       5250.00000000         40.70434570
       5325.00000000          0.08061414
       5400.00000000          0.00000005
       5475.00000000          0.01853019
       5550.00000000         11.66221714
       5625.00000000          0.13171832
       5700.00000000          0.00000206
       5775.00000000          0.11154737
       5850.00000000          8.17219734
       5925.00000000          0.02013823
       6000.00000000          0.00000002
       6075.00000000          0.00384916
       6150.00000000          2.03568816
       6225.00000000          0.02810221
       6300.00000000          0.00000043
       6375.00000000          0.02314718
       6450.00000000          1.37564266
       6525.00000000          0.00412989
       6600.00000000          0.00000000
       6675.00000000          0.00065481
       6750.00000000          0.29782858
       6825.00000000          0.00493602
       6900.00000000          0.00000007
       6975.00000000          0.00395795
       7050.00000000          0.19415736
       7125.00000000          0.00069775
       7200.00000000          0.00000000
       7275.00000000          0.00009149
       7350.00000000          0.03652050
       7425.00000000          0.00071585
       7500.00000000          0.00000001
       7575.00000000          0.00055925
       7650.00000000          0.02297721
       7725.00000000          0.00009737
       7800.00000000          0.00000000
       7875.00000000          0.00001052
       7950.00000000          0.00375344
       8025.00000000          0.00008593
       8100.00000000          0.00000000
       8175.00000000          0.00006546
       8250.00000000          0.00227964
       8325.00000000          0.00001126
       8400.00000000          0.00000000
       8475.00000000          0.00000099
       8550.00000000          0.00032324
       8625.00000000          0.00000857
       8700.00000000          0.00000000
       8775.00000000          0.00000636
       8850.00000000          0.00018966
       8925.00000000          0.00000108
       9000.00000000          0.00000000
       9075.00000000          0.00000008
       9150.00000000          0.00002335
       9225.00000000          0.00000071
       9300.00000000          0.00000000
       9375.00000000          0.00000051
       9450.00000000          0.00001322
       9525.00000000          0.00000009
       9600.00000000          0.00000000
       9675.00000000          0.00000001
       9750.00000000          0.00000141
       9825.00000000          0.00000005
       9900.00000000          0.00000000
       9975.00000000          0.00000003
      10050.00000000          0.00000077
      10125.00000000          0.00000001
      10200.00000000          0.00000000
      10275.00000000          0.00000000
      10350.00000000          0.00000007
      10425.00000000          0.00000000
      10500.00000000          0.00000000
      10575.00000000          0.00000000
      10650.00000000          0.00000004
      10725.00000000          0.00000000
      10800.00000000          0.00000000
      10875.00000000          0.00000000
      10950.00000000          0.00000000
      11025.00000000          0.00000000
      11100.00000000          0.00000000
      11175.00000000          0.00000000
      11250.00000000          0.00000000
      11325.00000000          0.00000000
      11400.00000000          0.00000000
      11475.00000000          0.00000000
      11550.00000000          0.00000000
      11625.00000000          0.00000000
      11700.00000000          0.00000000
      11775.00000000          0.00000000
      11850.00000000          0.00000000
      11925.00000000          0.00000000
      12000.00000000          0.00000000
      12075.00000000          0.00000000
      12150.00000000          0.00000000
      12225.00000000          0.00000000
      12300.00000000          0.00000000
      12375.00000000          0.00000000
      12450.00000000          0.00000000
      12525.00000000          0.00000000
      12600.00000000          0.00000000
      12675.00000000          0.00000000
      12750.00000000          0.00000000
      12825.00000000          0.00000000
      12900.00000000          0.00000000
      12975.00000000          0.00000000
      13050.00000000          0.00000000
      13125.00000000          0.00000000
      13200.00000000          0.00000000
      13275.00000000          0.00000000
      13350.00000000          0.00000000
      13425.00000000          0.00000000
      13500.00000000          0.00000000
      13575.00000000          0.00000000
      13650.00000000          0.00000000
      13725.00000000          0.00000000
      13800.00000000          0.00000000
      13875.00000000          0.00000000
      13950.00000000          0.00000000
      14025.00000000          0.00000000
      14100.00000000          0.00000000
      14175.00000000          0.00000000
      14250.00000000          0.00000000
      14325.00000000          0.00000000
      14400.00000000          0.00000000
      14475.00000000          0.00000000
      14550.00000000          0.00000000
      14625.00000000          0.00000000
      14700.00000000          0.00000000
      14775.00000000          0.00000000
      14850.00000000          0.00000000
      14925.00000000          0.00000000
      15000.00000000          0.00000000
      15075.00000000          0.00000000
      15150.00000000          0.00000000
      15225.00000000          0.00000000
      15300.00000000          0.00000000
      15375.00000000          0.00000000
      15450.00000000          0.00000000
      15525.00000000          0.00000000
      15600.00000000          0.00000000
      15675.00000000          0.00000000
      15750.00000000          0.00000000
      15825.00000000          0.00000000
      15900.00000000          0.00000000
      15975.00000000          0.00000000
      16050.00000000          0.00000000
      16125.00000000          0.00000000
      16200.00000000          0.00000000
      16275.00000000          0.00000000
      16350.00000000          0.00000000
      16425.00000000          0.00000000
      16500.00000000          0.00000000
      16575.00000000          0.00000000
      16650.00000000          0.00000000
      16725.00000000          0.00000000
      16800.00000000          0.00000000
      16875.00000000          0.00000000
      16950.00000000          0.00000000
      17025.00000000          0.00000000
      17100.00000000          0.00000000
      17175.00000000          0.00000000
      17250.00000000          0.00000000
      17325.00000000          0.00000000
      17400.00000000          0.00000000
      17475.00000000          0.00000000
      17550.00000000          0.00000000
      17625.00000000          0.00000000
      17700.00000000          0.00000000
      17775.00000000          0.00000000
      17850.00000000          0.00000000
      17925.00000000          0.00000000
      18000.00000000          0.00000000
      18075.00000000          0.00000000
      18150.00000000          0.00000000
      18225.00000000          0.00000000
      18300.00000000          0.00000000
      18375.00000000          0.00000000
      18450.00000000          0.00000000
      18525.00000000          0.00000000
      18600.00000000          0.00000000
      18675.00000000          0.00000000
      18750.00000000          0.00000000
      18825.00000000          0.00000000
      18900.00000000          0.00000000
      18975.00000000          0.00000000
      19050.00000000          0.00000000
      19125.00000000          0.00000000
      19200.00000000          0.00000000
      19275.00000000          0.00000000
      19350.00000000          0.00000000
      19425.00000000          0.00000000
      19500.00000000          0.00000000
      19575.00000000          0.00000000
      19650.00000000          0.00000000
      19725.00000000          0.00000000
      19800.00000000          0.00000000
      19875.00000000          0.00000000
      19950.00000000          0.00000000
      20025.00000000          0.00000000
      20100.00000000          0.00000000
      20175.00000000          0.00000000
      20250.00000000          0.00000000
      20325.00000000          0.00000000
      20400.00000000          0.00000000
      20475.00000000          0.00000000
      20550.00000000          0.00000000
      20625.00000000          0.00000000
      20700.00000000          0.00000000
      20775.00000000          0.00000000
      20850.00000000          0.00000000
      20925.00000000          0.00000000
      21000.00000000          0.00000000
      21075.00000000          0.00000000
      21150.00000000          0.00000000
      21225.00000000          0.00000000
      21300.00000000          0.00000000
      21375.00000000          0.00000000
      21450.00000000          0.00000000
      21525.00000000          0.00000000
      21600.00000000          0.00000000
      21675.00000000          0.00000000
      21750.00000000          0.00000000
      21825.00000000          0.00000000
      21900.00000000          0.00000000
      21975.00000000          0.00000000
      22050.00000000          0.00000000
      22125.00000000          0.00000000
      22200.00000000          0.00000000
      22275.00000000          0.00000000
      22350.00000000          0.00000000
      22425.00000000          0.00000000
      22500.00000000          0.00000000
      22575.00000000          0.00000000
      22650.00000000          0.00000000
      22725.00000000          0.00000000
      22800.00000000          0.00000000
      22875.00000000          0.00000000
      22950.00000000          0.00000000
      23025.00000000          0.00000000
      23100.00000000          0.00000000
      23175.00000000          0.00000000
      23250.00000000          0.00000000
      23325.00000000          0.00000000
      23400.00000000          0.00000000
      23475.00000000          0.00000000
      23550.00000000          0.00000000
      23625.00000000          0.00000000
      23700.00000000          0.00000000
      23775.00000000          0.00000000
      23850.00000000          0.00000000
      23925.00000000          0.00000000
      24000.00000000          0.00000000
      24075.00000000          0.00000000
      24150.00000000          0.00000000
      24225.00000000          0.00000000
      24300.00000000          0.00000000
      24375.00000000          0.00000000
      24450.00000000          0.00000000
      24525.00000000          0.00000000
      24600.00000000          0.00000000
      24675.00000000          0.00000000
      24750.00000000          0.00000000
      24825.00000000          0.00000000
      24900.00000000          0.00000000
      24975.00000000          0.00000000
      25050.00000000          0.00000000
      25125.00000000          0.00000000
      25200.00000000          0.00000000
      25275.00000000          0.00000000
      25350.00000000          0.00000000
      25425.00000000          0.00000000
      25500.00000000          0.00000000
      25575.00000000          0.00000000
      25650.00000000          0.00000000
      25725.00000000          0.00000000
      25800.00000000          0.00000000
      25875.00000000          0.00000000
      25950.00000000          0.00000000
      26025.00000000          0.00000000
      26100.00000000          0.00000000
      26175.00000000          0.00000000
      26250.00000000          0.00000000
      26325.00000000          0.00000000
      26400.00000000          0.00000000
      26475.00000000          0.00000000
      26550.00000000          0.00000000
      26625.00000000          0.00000000
      26700.00000000          0.00000000
      26775.00000000          0.00000000
      26850.00000000          0.00000000
      26925.00000000          0.00000000
      27000.00000000          0.00000000
      27075.00000000          0.00000000
      27150.00000000          0.00000000
      27225.00000000          0.00000000
      27300.00000000          0.00000000
      27375.00000000          0.00000000
      27450.00000000          0.00000000
      27525.00000000          0.00000000
      27600.00000000          0.00000000
      27675.00000000          0.00000000
      27750.00000000          0.00000000
      27825.00000000          0.00000000
      27900.00000000          0.00000000
      27975.00000000          0.00000000
      28050.00000000          0.00000000
      28125.00000000          0.00000000
      28200.00000000          0.00000000
      28275.00000000          0.00000000
      28350.00000000          0.00000000
      28425.00000000          0.00000000
      28500.00000000          0.00000000
      28575.00000000          0.00000000
      28650.00000000          0.00000000
      28725.00000000          0.00000000
      28800.00000000          0.00000000
      28875.00000000          0.00000000
      28950.00000000          0.00000000
      29025.00000000          0.00000000
      29100.00000000          0.00000000
      29175.00000000          0.00000000
      29250.00000000          0.00000000
      29325.00000000          0.00000000
      29400.00000000          0.00000000
      29475.00000000          0.00000000
      29550.00000000          0.00000000
      29625.00000000          0.00000000
      29700.00000000          0.00000000
      29775.00000000          0.00000000
      29850.00000000          0.00000000
      29925.00000000          0.00000000
      30000.00000000          0.00000000
      30075.00000000          0.00000000
      30150.00000000          0.00000000
      30225.00000000          0.00000000
      30300.00000000          0.00000000
      30375.00000000          0.00000000
      30450.00000000          0.00000000
      30525.00000000          0.00000000
      30600.00000000          0.00000000
      30675.00000000          0.00000000
      30750.00000000          0.00000000
      30825.00000000          0.00000000
      30900.00000000          0.00000000
      30975.00000000          0.00000000
      31050.00000000          0.00000000
      31125.00000000          0.00000000
      31200.00000000          0.00000000
      31275.00000000          0.00000000
      31350.00000000          0.00000000
      31425.00000000          0.00000000
      31500.00000000          0.00000000
      31575.00000000          0.00000000
      31650.00000000          0.00000000
      31725.00000000          0.00000000
      31800.00000000          0.00000000
      31875.00000000          0.00000000
      31950.00000000          0.00000000
      32025.00000000          0.00000000
      32100.00000000          0.00000000
      32175.00000000          0.00000000
      32250.00000000          0.00000000
      32325.00000000          0.00000000
      32400.00000000          0.00000000
      32475.00000000          0.00000000
      32550.00000000          0.00000000
      32625.00000000          0.00000000
      32700.00000000          0.00000000
      32775.00000000          0.00000000
      32850.00000000          0.00000000
      32925.00000000          0.00000000
      33000.00000000          0.00000000
      33075.00000000          0.00000000
      33150.00000000          0.00000000
      33225.00000000          0.00000000
      33300.00000000          0.00000000
      33375.00000000          0.00000000
      33450.00000000          0.00000000
      33525.00000000          0.00000000
      33600.00000000          0.00000000
      33675.00000000          0.00000000
      33750.00000000          0.00000000
      33825.00000000          0.00000000
      33900.00000000          0.00000000
      33975.00000000          0.00000000
      34050.00000000          0.00000000
      34125.00000000          0.00000000
      34200.00000000          0.00000000
      34275.00000000          0.00000000
      34350.00000000          0.00000000
      34425.00000000          0.00000000
      34500.00000000          0.00000000
      34575.00000000          0.00000000
      34650.00000000          0.00000000
      34725.00000000          0.00000000
      34800.00000000          0.00000000
      34875.00000000          0.00000000
      34950.00000000          0.00000000
      35025.00000000          0.00000000
      35100.00000000          0.00000000
      35175.00000000          0.00000000
      35250.00000000          0.00000000
      35325.00000000          0.00000000
      35400.00000000          0.00000000
      35475.00000000          0.00000000
      35550.00000000          0.00000000
      35625.00000000          0.00000000
      35700.00000000          0.00000000
      35775.00000000          0.00000000
      35850.00000000          0.00000000
      35925.00000000          0.00000000
      36000.00000000          0.00000000
      36075.00000000          0.00000000
      36150.00000000          0.00000000
      36225.00000000          0.00000000
      36300.00000000          0.00000000
      36375.00000000          0.00000000
      36450.00000000          0.00000000
      36525.00000000          0.00000000
      36600.00000000          0.00000000
      36675.00000000          0.00000000
      36750.00000000          0.00000000
      36825.00000000          0.00000000
      36900.00000000          0.00000000
      36975.00000000          0.00000000
      37050.00000000          0.00000000
      37125.00000000          0.00000000
      37200.00000000          0.00000000
      37275.00000000          0.00000000
      37350.00000000          0.00000000
      37425.00000000          0.00000000
      37500.00000000          0.00000000
      37575.00000000          0.00000000
      37650.00000000          0.00000000
      37725.00000000          0.00000000
      37800.00000000          0.00000000
      37875.00000000          0.00000000
      37950.00000000          0.00000000
      38025.00000000          0.00000000
      38100.00000000          0.00000000
      38175.00000000          0.00000000
      38250.00000000          0.00000000
      38325.00000000          0.00000000
      38400.00000000          0.00000000
      38475.00000000          0.00000000
      38550.00000000          0.00000000
      38625.00000000          0.00000000
      38700.00000000          0.00000000
      38775.00000000          0.00000000
      38850.00000000          0.00000000
      38925.00000000          0.00000000
      39000.00000000          0.00000000
      39075.00000000          0.00000000
      39150.00000000          0.00000000
      39225.00000000          0.00000000
      39300.00000000          0.00000000
      39375.00000000          0.00000000
      39450.00000000          0.00000000
      39525.00000000          0.00000000
      39600.00000000          0.00000000
      39675.00000000          0.00000000
      39750.00000000          0.00000000
      39825.00000000          0.00000000
      39900.00000000          0.00000000
      39975.00000000          0.00000000
      40050.00000000          0.00000000
      40125.00000000          0.00000000
      40200.00000000          0.00000000
      40275.00000000          0.00000000
      40350.00000000          0.00000000
      40425.00000000          0.00000000
      40500.00000000          0.00000000
      40575.00000000          0.00000000
      40650.00000000          0.00000000
      40725.00000000          0.00000000
      40800.00000000          0.00000000
      40875.00000000          0.00000000
      40950.00000000          0.00000000
      41025.00000000          0.00000000
      41100.00000000          0.00000000
      41175.00000000          0.00000000
      41250.00000000          0.00000000
      41325.00000000          0.00000000
      41400.00000000          0.00000000
      41475.00000000          0.00000000
      41550.00000000          0.00000000
      41625.00000000          0.00000000
      41700.00000000          0.00000000
      41775.00000000          0.00000000
      41850.00000000          0.00000000
      41925.00000000          0.00000000
      42000.00000000          0.00000000
      42075.00000000          0.00000000
      42150.00000000          0.00000000
      42225.00000000          0.00000000
      42300.00000000          0.00000000
      42375.00000000          0.00000000
      42450.00000000          0.00000000
      42525.00000000          0.00000000
      42600.00000000          0.00000000
      42675.00000000          0.00000000
      42750.00000000          0.00000000
      42825.00000000          0.00000000
      42900.00000000          0.00000000
      42975.00000000          0.00000000
      43050.00000000          0.00000000
      43125.00000000          0.00000000
      43200.00000000          0.00000000
      43275.00000000          0.00000000
      43350.00000000          0.00000000
      43425.00000000          0.00000000
      43500.00000000          0.00000000
      43575.00000000          0.00000000
      43650.00000000          0.00000000
      43725.00000000          0.00000000
      43800.00000000          0.00000000
      43875.00000000          0.00000000
      43950.00000000          0.00000000
      44025.00000000          0.00000000
      44100.00000000          0.00000000
      44175.00000000          0.00000000
      44250.00000000          0.00000000
      44325.00000000          0.00000000
      44400.00000000          0.00000000
      44475.00000000          0.00000000
      44550.00000000          0.00000000
      44625.00000000          0.00000000
      44700.00000000          0.00000000
      44775.00000000          0.00000000
      44850.00000000          0.00000000
      44925.00000000          0.00000000
      45000.00000000          0.00000000
      45075.00000000          0.00000000
      45150.00000000          0.00000000
      45225.00000000          0.00000000
      45300.00000000          0.00000000
      45375.00000000          0.00000000
      45450.00000000          0.00000000
      45525.00000000          0.00000000
      45600.00000000          0.00000000
      45675.00000000          0.00000000
      45750.00000000          0.00000000
      45825.00000000          0.00000000
      45900.00000000          0.00000000
      45975.00000000          0.00000000
      46050.00000000          0.00000000
      46125.00000000          0.00000000
      46200.00000000          0.00000000
      46275.00000000          0.00000000
      46350.00000000          0.00000000
      46425.00000000          0.00000000
      46500.00000000          0.00000000
      46575.00000000          0.00000000
      46650.00000000          0.00000000
      46725.00000000          0.00000000
      46800.00000000          0.00000000
      46875.00000000          0.00000000
      46950.00000000          0.00000000
      47025.00000000          0.00000000
      47100.00000000          0.00000000
      47175.00000000          0.00000000
      47250.00000000          0.00000000
      47325.00000000          0.00000000
      47400.00000000          0.00000000
      47475.00000000          0.00000000
      47550.00000000          0.00000000
      47625.00000000          0.00000000
      47700.00000000          0.00000000
      47775.00000000          0.00000000
      47850.00000000          0.00000000
      47925.00000000          0.00000000
      48000.00000000          0.00000000
      48075.00000000          0.00000000
      48150.00000000          0.00000000
      48225.00000000          0.00000000
      48300.00000000          0.00000000
      48375.00000000          0.00000000
      48450.00000000          0.00000000
      48525.00000000          0.00000000
      48600.00000000          0.00000000
      48675.00000000          0.00000000
      48750.00000000          0.00000000
      48825.00000000          0.00000000
      48900.00000000          0.00000000
      48975.00000000          0.00000000
      49050.00000000          0.00000000
      49125.00000000          0.00000000
      49200.00000000          0.00000000
      49275.00000000          0.00000000
      49350.00000000          0.00000000
      49425.00000000          0.00000000
      49500.00000000          0.00000000
      49575.00000000          0.00000000
      49650.00000000          0.00000000
      49725.00000000          0.00000000
      49800.00000000          0.00000000
      49875.00000000          0.00000000
      49950.00000000          0.00000000
      50025.00000000          0.00000000
      50100.00000000          0.00000000
      50175.00000000          0.00000000
      50250.00000000          0.00000000
      50325.00000000          0.00000000
      50400.00000000          0.00000000
      50475.00000000          0.00000000
      50550.00000000          0.00000000
      50625.00000000          0.00000000
      50700.00000000          0.00000000
      50775.00000000          0.00000000
      50850.00000000          0.00000000
      50925.00000000          0.00000000
      51000.00000000          0.00000000
      51075.00000000          0.00000000
      51150.00000000          0.00000000
      51225.00000000          0.00000000
      51300.00000000          0.00000000
      51375.00000000          0.00000000
      51450.00000000          0.00000000
      51525.00000000          0.00000000
      51600.00000000          0.00000000
      51675.00000000          0.00000000
      51750.00000000          0.00000000
      51825.00000000          0.00000000
      51900.00000000          0.00000000
      51975.00000000          0.00000000
      52050.00000000          0.00000000
      52125.00000000          0.00000000
      52200.00000000          0.00000000
      52275.00000000          0.00000000
      52350.00000000          0.00000000
      52425.00000000          0.00000000
      52500.00000000          0.00000000
      52575.00000000          0.00000000
      52650.00000000          0.00000000
      52725.00000000          0.00000000
      52800.00000000          0.00000000
      52875.00000000          0.00000000
      52950.00000000          0.00000000
      53025.00000000          0.00000000
      53100.00000000          0.00000000
      53175.00000000          0.00000000
      53250.00000000          0.00000000
      53325.00000000          0.00000000
      53400.00000000          0.00000000
      53475.00000000          0.00000000
      53550.00000000          0.00000000
      53625.00000000          0.00000000
      53700.00000000          0.00000000
      53775.00000000          0.00000000
      53850.00000000          0.00000000
      53925.00000000          0.00000000
      54000.00000000          0.00000000
      54075.00000000          0.00000000
      54150.00000000          0.00000000
      54225.00000000          0.00000000
      54300.00000000          0.00000000
      54375.00000000          0.00000000
      54450.00000000          0.00000000
      54525.00000000          0.00000000
      54600.00000000          0.00000000
      54675.00000000          0.00000000
      54750.00000000          0.00000000
      54825.00000000          0.00000000
      54900.00000000          0.00000000
      54975.00000000          0.00000000
      55050.00000000          0.00000000
      55125.00000000          0.00000000
      55200.00000000          0.00000000
      55275.00000000          0.00000000
      55350.00000000          0.00000000
      55425.00000000          0.00000000
      55500.00000000          0.00000000
      55575.00000000          0.00000000
      55650.00000000          0.00000000
      55725.00000000          0.00000000
      55800.00000000          0.00000000
      55875.00000000          0.00000000
      55950.00000000          0.00000000
      56025.00000000          0.00000000
      56100.00000000          0.00000000
      56175.00000000          0.00000000
      56250.00000000          0.00000000
      56325.00000000          0.00000000
      56400.00000000          0.00000000
      56475.00000000          0.00000000
      56550.00000000          0.00000000
      56625.00000000          0.00000000
      56700.00000000          0.00000000
      56775.00000000          0.00000000
      56850.00000000          0.00000000
      56925.00000000          0.00000000
      57000.00000000          0.00000000
      57075.00000000          0.00000000
      57150.00000000          0.00000000
      57225.00000000          0.00000000
      57300.00000000          0.00000000
      57375.00000000          0.00000000
      57450.00000000          0.00000000
      57525.00000000          0.00000000
      57600.00000000          0.00000000
      57675.00000000          0.00000000
      57750.00000000          0.00000000
      57825.00000000          0.00000000
      57900.00000000          0.00000000
      57975.00000000          0.00000000
      58050.00000000          0.00000000
      58125.00000000          0.00000000
      58200.00000000          0.00000000
      58275.00000000          0.00000000
      58350.00000000          0.00000000
      58425.00000000          0.00000000
      58500.00000000          0.00000000
      58575.00000000          0.00000000
      58650.00000000          0.00000000
      58725.00000000          0.00000000
      58800.00000000          0.00000000
      58875.00000000          0.00000000
      58950.00000000          0.00000000
      59025.00000000          0.00000000
      59100.00000000          0.00000000
      59175.00000000          0.00000000
      59250.00000000          0.00000000
      59325.00000000          0.00000000
      59400.00000000          0.00000000
      59475.00000000          0.00000000
      59550.00000000          0.00000000
      59625.00000000          0.00000000
      59700.00000000          0.00000000
      59775.00000000          0.00000000
      59850.00000000          0.00000000
      59925.00000000          0.00000000
      60000.00000000          0.00000000
      60075.00000000          0.00000000
      60150.00000000          0.00000000
      60225.00000000          0.00000000
      60300.00000000          0.00000000
      60375.00000000          0.00000000
      60450.00000000          0.00000000
      60525.00000000          0.00000000
      60600.00000000          0.00000000
      60675.00000000          0.00000000
      60750.00000000          0.00000000
      60825.00000000          0.00000000
      60900.00000000          0.00000000
      60975.00000000          0.00000000
      61050.00000000          0.00000000
      61125.00000000          0.00000000
      61200.00000000          0.00000000
      61275.00000000          0.00000000
      61350.00000000          0.00000000
      61425.00000000          0.00000000
      61500.00000000          0.00000000
      61575.00000000          0.00000000
      61650.00000000          0.00000000
      61725.00000000          0.00000000
      61800.00000000          0.00000000
      61875.00000000          0.00000000
      61950.00000000          0.00000000
      62025.00000000          0.00000000
      62100.00000000          0.00000000
      62175.00000000          0.00000000
      62250.00000000          0.00000000
      62325.00000000          0.00000000
      62400.00000000          0.00000000
      62475.00000000          0.00000000
      62550.00000000          0.00000000
      62625.00000000          0.00000000
      62700.00000000          0.00000000
      62775.00000000          0.00000000
      62850.00000000          0.00000000
      62925.00000000          0.00000000
      63000.00000000          0.00000000
      63075.00000000          0.00000000
      63150.00000000          0.00000000
      63225.00000000          0.00000000
      63300.00000000          0.00000000
      63375.00000000          0.00000000
      63450.00000000          0.00000000
      63525.00000000          0.00000000
      63600.00000000          0.00000000
      63675.00000000          0.00000000
      63750.00000000          0.00000000
      63825.00000000          0.00000000
      63900.00000000          0.00000000
      63975.00000000          0.00000000
      64050.00000000          0.00000000
      64125.00000000          0.00000000
      64200.00000000          0.00000000
      64275.00000000          0.00000000
      64350.00000000          0.00000000
      64425.00000000          0.00000000
      64500.00000000          0.00000000
      64575.00000000          0.00000000
      64650.00000000          0.00000000
      64725.00000000          0.00000000
      64800.00000000          0.00000000
      64875.00000000          0.00000000
      64950.00000000          0.00000000
      65025.00000000          0.00000000
      65100.00000000          0.00000000
      65175.00000000          0.00000000
      65250.00000000          0.00000000
      65325.00000000          0.00000000
      65400.00000000          0.00000000
      65475.00000000          0.00000000
      65550.00000000          0.00000000
      65625.00000000          0.00000000
      65700.00000000          0.00000000
      65775.00000000          0.00000000
      65850.00000000          0.00000000
      65925.00000000          0.00000000
      66000.00000000          0.00000000
      66075.00000000          0.00000000
      66150.00000000          0.00000000
      66225.00000000          0.00000000
      66300.00000000          0.00000000
      66375.00000000          0.00000000
      66450.00000000          0.00000000
      66525.00000000          0.00000000
      66600.00000000          0.00000000
      66675.00000000          0.00000000
      66750.00000000          0.00000000
      66825.00000000          0.00000000
      66900.00000000          0.00000000
      66975.00000000          0.00000000
      67050.00000000          0.00000000
      67125.00000000          0.00000000
      67200.00000000          0.00000000
      67275.00000000          0.00000000
      67350.00000000          0.00000000
      67425.00000000          0.00000000
      67500.00000000          0.00000000
      67575.00000000          0.00000000
      67650.00000000          0.00000000
      67725.00000000          0.00000000
      67800.00000000          0.00000000
      67875.00000000          0.00000000
      67950.00000000          0.00000000
      68025.00000000          0.00000000
      68100.00000000          0.00000000
      68175.00000000          0.00000000
      68250.00000000          0.00000000
      68325.00000000          0.00000000
      68400.00000000          0.00000000
      68475.00000000          0.00000000
      68550.00000000          0.00000000
      68625.00000000          0.00000000
      68700.00000000          0.00000000
      68775.00000000          0.00000000
      68850.00000000          0.00000000
      68925.00000000          0.00000000
      69000.00000000          0.00000000
      69075.00000000          0.00000000
      69150.00000000          0.00000000
      69225.00000000          0.00000000
      69300.00000000          0.00000000
      69375.00000000          0.00000000
      69450.00000000          0.00000000
      69525.00000000          0.00000000
      69600.00000000          0.00000000
      69675.00000000          0.00000000
      69750.00000000          0.00000000
      69825.00000000          0.00000000
      69900.00000000          0.00000000
      69975.00000000          0.00000000
      70050.00000000          0.00000000
      70125.00000000          0.00000000
      70200.00000000          0.00000000
      70275.00000000          0.00000000
      70350.00000000          0.00000000
      70425.00000000          0.00000000
      70500.00000000          0.00000000
      70575.00000000          0.00000000
      70650.00000000          0.00000000
      70725.00000000          0.00000000
      70800.00000000          0.00000000
      70875.00000000          0.00000000
      70950.00000000          0.00000000
      71025.00000000          0.00000000
      71100.00000000          0.00000000
      71175.00000000          0.00000000
      71250.00000000          0.00000000
      71325.00000000          0.00000000
      71400.00000000          0.00000000
      71475.00000000          0.00000000
      71550.00000000          0.00000000
      71625.00000000          0.00000000
      71700.00000000          0.00000000
      71775.00000000          0.00000000
      71850.00000000          0.00000000
      71925.00000000          0.00000000
      72000.00000000          0.00000000
      72075.00000000          0.00000000
      72150.00000000          0.00000000
      72225.00000000          0.00000000
      72300.00000000          0.00000000
      72375.00000000          0.00000000
      72450.00000000          0.00000000
      72525.00000000          0.00000000
      72600.00000000          0.00000000
      72675.00000000          0.00000000
      72750.00000000          0.00000000
      72825.00000000          0.00000000
      72900.00000000          0.00000000
      72975.00000000          0.00000000
      73050.00000000          0.00000000
      73125.00000000          0.00000000
      73200.00000000          0.00000000
      73275.00000000          0.00000000
      73350.00000000          0.00000000
      73425.00000000          0.00000000
      73500.00000000          0.00000000
      73575.00000000          0.00000000
      73650.00000000          0.00000000
      73725.00000000          0.00000000
      73800.00000000          0.00000000
      73875.00000000          0.00000000
      73950.00000000          0.00000000
      74025.00000000          0.00000000
      74100.00000000          0.00000000
      74175.00000000          0.00000000
      74250.00000000          0.00000000
      74325.00000000          0.00000000
      74400.00000000          0.00000000
      74475.00000000          0.00000000
      74550.00000000          0.00000000
      74625.00000000          0.00000000
      74700.00000000          0.00000000
      74775.00000000          0.00000000
      74850.00000000          0.00000000
      74925.00000000          0.00000000
      75000.00000000          0.00000000
      75075.00000000          0.00000000
      75150.00000000          0.00000000
      75225.00000000          0.00000000
      75300.00000000          0.00000000
      75375.00000000          0.00000000
      75450.00000000          0.00000000
      75525.00000000          0.00000000
      75600.00000000          0.00000000
      75675.00000000          0.00000000
      75750.00000000          0.00000000
      75825.00000000          0.00000000
      75900.00000000          0.00000000
      75975.00000000          0.00000000
      76050.00000000          0.00000000
      76125.00000000          0.00000000
      76200.00000000          0.00000000
      76275.00000000          0.00000000
      76350.00000000          0.00000000
      76425.00000000          0.00000000
      76500.00000000          0.00000000
      76575.00000000          0.00000000
      76650.00000000          0.00000000
      76725.00000000          0.00000000
      76800.00000000          0.00000000
      76875.00000000          0.00000000
      76950.00000000          0.00000000
      77025.00000000          0.00000000
      77100.00000000          0.00000000
      77175.00000000          0.00000000
      77250.00000000          0.00000000
      77325.00000000          0.00000000
      77400.00000000          0.00000000
      77475.00000000          0.00000000
      77550.00000000          0.00000000
      77625.00000000          0.00000000
      77700.00000000          0.00000000
      77775.00000000          0.00000000
      77850.00000000          0.00000000
      77925.00000000          0.00000000
      78000.00000000          0.00000000
      78075.00000000          0.00000000
      78150.00000000          0.00000000
      78225.00000000          0.00000000
      78300.00000000          0.00000000
      78375.00000000          0.00000000
      78450.00000000          0.00000000
      78525.00000000          0.00000000
      78600.00000000          0.00000000
      78675.00000000          0.00000000
      78750.00000000          0.00000000
      78825.00000000          0.00000000
      78900.00000000          0.00000000
      78975.00000000          0.00000000
      79050.00000000          0.00000000
      79125.00000000          0.00000000
      79200.00000000          0.00000000
      79275.00000000          0.00000000
      79350.00000000          0.00000000
      79425.00000000          0.00000000
      79500.00000000          0.00000000
      79575.00000000          0.00000000
      79650.00000000          0.00000000
      79725.00000000          0.00000000
      79800.00000000          0.00000000
      79875.00000000          0.00000000
      79950.00000000          0.00000000
      80025.00000000          0.00000000
      80100.00000000          0.00000000
      80175.00000000          0.00000000
      80250.00000000          0.00000000
      80325.00000000          0.00000000
      80400.00000000          0.00000000
      80475.00000000          0.00000000
      80550.00000000          0.00000000
      80625.00000000          0.00000000
      80700.00000000          0.00000000
      80775.00000000          0.00000000
      80850.00000000          0.00000000
      80925.00000000          0.00000000
      81000.00000000          0.00000000
      81075.00000000          0.00000000
      81150.00000000          0.00000000
      81225.00000000          0.00000000
      81300.00000000          0.00000000
      81375.00000000          0.00000000
      81450.00000000          0.00000000
      81525.00000000          0.00000000
      81600.00000000          0.00000000
      81675.00000000          0.00000000
      81750.00000000          0.00000000
      81825.00000000          0.00000000
      81900.00000000          0.00000000
      81975.00000000          0.00000000
      82050.00000000          0.00000000
      82125.00000000          0.00000000
      82200.00000000          0.00000000
      82275.00000000          0.00000000
      82350.00000000          0.00000000
      82425.00000000          0.00000000
      82500.00000000          0.00000000
      82575.00000000          0.00000000
      82650.00000000          0.00000000
      82725.00000000          0.00000000
      82800.00000000          0.00000000
      82875.00000000          0.00000000
      82950.00000000          0.00000000
      83025.00000000          0.00000000
      83100.00000000          0.00000000
      83175.00000000          0.00000000
      83250.00000000          0.00000000
      83325.00000000          0.00000000
      83400.00000000          0.00000000
      83475.00000000          0.00000000
      83550.00000000          0.00000000
      83625.00000000          0.00000000
      83700.00000000          0.00000000
      83775.00000000          0.00000000
      83850.00000000          0.00000000
      83925.00000000          0.00000000
      84000.00000000          0.00000000
      84075.00000000          0.00000000
      84150.00000000          0.00000000
      84225.00000000          0.00000000
      84300.00000000          0.00000000
      84375.00000000          0.00000000
      84450.00000000          0.00000000
      84525.00000000          0.00000000
      84600.00000000          0.00000000
      84675.00000000          0.00000000
      84750.00000000          0.00000000
      84825.00000000          0.00000000
      84900.00000000          0.00000000
      84975.00000000          0.00000000
      85050.00000000          0.00000000
      85125.00000000          0.00000000
      85200.00000000          0.00000000
      85275.00000000          0.00000000
      85350.00000000          0.00000000
      85425.00000000          0.00000000
      85500.00000000          0.00000000
      85575.00000000          0.00000000
      85650.00000000          0.00000000
      85725.00000000          0.00000000
      85800.00000000          0.00000000
      85875.00000000          0.00000000
      85950.00000000          0.00000000
      86025.00000000          0.00000000
      86100.00000000          0.00000000
      86175.00000000          0.00000000
      86250.00000000          0.00000000
      86325.00000000          0.00000000
      86400.00000000          0.00000000
      86475.00000000          0.00000000
      86550.00000000          0.00000000
      86625.00000000          0.00000000
      86700.00000000          0.00000000
      86775.00000000          0.00000000
      86850.00000000          0.00000000
      86925.00000000          0.00000000
      87000.00000000          0.00000000
      87075.00000000          0.00000000
      87150.00000000          0.00000000
      87225.00000000          0.00000000
      87300.00000000          0.00000000
      87375.00000000          0.00000000
      87450.00000000          0.00000000
      87525.00000000          0.00000000
      87600.00000000          0.00000000
      87675.00000000          0.00000000
      87750.00000000          0.00000000
      87825.00000000          0.00000000
      87900.00000000          0.00000000
      87975.00000000          0.00000000
      88050.00000000          0.00000000
      88125.00000000          0.00000000
      88200.00000000          0.00000000
      88275.00000000          0.00000000
      88350.00000000          0.00000000
      88425.00000000          0.00000000
      88500.00000000          0.00000000
      88575.00000000          0.00000000
      88650.00000000          0.00000000
      88725.00000000          0.00000000
      88800.00000000          0.00000000
      88875.00000000          0.00000000
      88950.00000000          0.00000000
      89025.00000000          0.00000000
      89100.00000000          0.00000000
      89175.00000000          0.00000000
      89250.00000000          0.00000000
      89325.00000000          0.00000000
      89400.00000000          0.00000000
      89475.00000000          0.00000000
      89550.00000000          0.00000000
      89625.00000000          0.00000000
      89700.00000000          0.00000000
      89775.00000000          0.00000000
      89850.00000000          0.00000000
      89925.00000000          0.00000000
      90000.00000000          0.00000000
      90075.00000000          0.00000000
      90150.00000000          0.00000000
      90225.00000000          0.00000000
      90300.00000000          0.00000000
      90375.00000000          0.00000000
      90450.00000000          0.00000000
      90525.00000000          0.00000000
      90600.00000000          0.00000000
      90675.00000000          0.00000000
      90750.00000000          0.00000000
      90825.00000000          0.00000000
      90900.00000000          0.00000000
      90975.00000000          0.00000000
      91050.00000000          0.00000000
      91125.00000000          0.00000000
      91200.00000000          0.00000000
      91275.00000000          0.00000000
      91350.00000000          0.00000000
      91425.00000000          0.00000000
      91500.00000000          0.00000000
      91575.00000000          0.00000000
      91650.00000000          0.00000000
      91725.00000000          0.00000000
      91800.00000000          0.00000000
      91875.00000000          0.00000000
      91950.00000000          0.00000000
      92025.00000000          0.00000000
      92100.00000000          0.00000000
      92175.00000000          0.00000000
      92250.00000000          0.00000000
      92325.00000000          0.00000000
      92400.00000000          0.00000000
      92475.00000000          0.00000000
      92550.00000000          0.00000000
      92625.00000000          0.00000000
      92700.00000000          0.00000000
      92775.00000000          0.00000000
      92850.00000000          0.00000000
      92925.00000000          0.00000000
      93000.00000000          0.00000000
      93075.00000000          0.00000000
      93150.00000000          0.00000000
      93225.00000000          0.00000000
      93300.00000000          0.00000000
      93375.00000000          0.00000000
      93450.00000000          0.00000000
      93525.00000000          0.00000000
      93600.00000000          0.00000000
      93675.00000000          0.00000000
      93750.00000000          0.00000000
      93825.00000000          0.00000000
      93900.00000000          0.00000000
      93975.00000000          0.00000000
      94050.00000000          0.00000000
      94125.00000000          0.00000000
      94200.00000000          0.00000000
      94275.00000000          0.00000000
      94350.00000000          0.00000000
      94425.00000000          0.00000000
      94500.00000000          0.00000000
      94575.00000000          0.00000000
      94650.00000000          0.00000000
      94725.00000000          0.00000000
      94800.00000000          0.00000000
      94875.00000000          0.00000000
      94950.00000000          0.00000000
      95025.00000000          0.00000000
      95100.00000000          0.00000000
      95175.00000000          0.00000000
      95250.00000000          0.00000000
      95325.00000000          0.00000000
      95400.00000000          0.00000000
      95475.00000000          0.00000000
      95550.00000000          0.00000000
      95625.00000000          0.00000000
      95700.00000000          0.00000000
      95775.00000000          0.00000000
      95850.00000000          0.00000000
      95925.00000000          0.00000000
      96000.00000000          0.00000000
      96075.00000000          0.00000000
      96150.00000000          0.00000000
      96225.00000000          0.00000000
      96300.00000000          0.00000000
      96375.00000000          0.00000000
      96450.00000000          0.00000000
      96525.00000000          0.00000000
      96600.00000000          0.00000000
      96675.00000000          0.00000000
      96750.00000000          0.00000000
      96825.00000000          0.00000000
      96900.00000000          0.00000000
      96975.00000000          0.00000000
      97050.00000000          0.00000000
      97125.00000000          0.00000000
      97200.00000000          0.00000000
      97275.00000000          0.00000000
      97350.00000000          0.00000000
      97425.00000000          0.00000000
      97500.00000000          0.00000000
      97575.00000000          0.00000000
      97650.00000000          0.00000000
      97725.00000000          0.00000000
      97800.00000000          0.00000000
      97875.00000000          0.00000000
      97950.00000000          0.00000000
      98025.00000000          0.00000000
      98100.00000000          0.00000000
      98175.00000000          0.00000000
      98250.00000000          0.00000000
      98325.00000000          0.00000000
      98400.00000000          0.00000000
      98475.00000000          0.00000000
      98550.00000000          0.00000000
      98625.00000000          0.00000000
      98700.00000000          0.00000000
      98775.00000000          0.00000000
      98850.00000000          0.00000000
      98925.00000000          0.00000000
      99000.00000000          0.00000000
      99075.00000000          0.00000000
      99150.00000000          0.00000000
      99225.00000000          0.00000000
      99300.00000000          0.00000000
      99375.00000000          0.00000000
      99450.00000000          0.00000000
      99525.00000000          0.00000000
      99600.00000000          0.00000000
      99675.00000000          0.00000000
      99750.00000000          0.00000000
      99825.00000000          0.00000000
      99900.00000000          0.00000000
      99975.00000000          0.00000000
     100050.00000000          0.00000000
     100125.00000000          0.00000000
     100200.00000000          0.00000000
     100275.00000000          0.00000000
     100350.00000000          0.00000000
     100425.00000000          0.00000000
     100500.00000000          0.00000000
     100575.00000000          0.00000000
     100650.00000000          0.00000000
     100725.00000000          0.00000000
     100800.00000000          0.00000000
     100875.00000000          0.00000000
     100950.00000000          0.00000000
     101025.00000000          0.00000000
     101100.00000000          0.00000000
     101175.00000000          0.00000000
     101250.00000000          0.00000000
     101325.00000000          0.00000000
     101400.00000000          0.00000000
     101475.00000000          0.00000000
     101550.00000000          0.00000000
     101625.00000000          0.00000000
     101700.00000000          0.00000000
     101775.00000000          0.00000000
     101850.00000000          0.00000000
     101925.00000000          0.00000000
     102000.00000000          0.00000000
     102075.00000000          0.00000000
     102150.00000000          0.00000000
     102225.00000000          0.00000000
     102300.00000000          0.00000000
     102375.00000000          0.00000000
     102450.00000000          0.00000000
     102525.00000000          0.00000000
     102600.00000000          0.00000000
     102675.00000000          0.00000000
     102750.00000000          0.00000000
     102825.00000000          0.00000000
     102900.00000000          0.00000000
     102975.00000000          0.00000000
     103050.00000000          0.00000000
     103125.00000000          0.00000000
     103200.00000000          0.00000000
     103275.00000000          0.00000000
     103350.00000000          0.00000000
     103425.00000000          0.00000000
     103500.00000000          0.00000000
     103575.00000000          0.00000000
     103650.00000000          0.00000000
     103725.00000000          0.00000000
     103800.00000000          0.00000000
     103875.00000000          0.00000000
     103950.00000000          0.00000000
     104025.00000000          0.00000000
     104100.00000000          0.00000000
     104175.00000000          0.00000000
     104250.00000000          0.00000000
     104325.00000000          0.00000000
     104400.00000000          0.00000000
     104475.00000000          0.00000000
     104550.00000000          0.00000000
     104625.00000000          0.00000000
     104700.00000000          0.00000000
     104775.00000000          0.00000000
     104850.00000000          0.00000000
     104925.00000000          0.00000000
     105000.00000000          0.00000000
     105075.00000000          0.00000000
     105150.00000000          0.00000000
     105225.00000000          0.00000000
     105300.00000000          0.00000000
     105375.00000000          0.00000000
     105450.00000000          0.00000000
     105525.00000000          0.00000000
     105600.00000000          0.00000000
     105675.00000000          0.00000000
     105750.00000000          0.00000000
     105825.00000000          0.00000000
     105900.00000000          0.00000000
     105975.00000000          0.00000000
     106050.00000000          0.00000000
     106125.00000000          0.00000000
     106200.00000000          0.00000000
     106275.00000000          0.00000000
     106350.00000000          0.00000000
     106425.00000000          0.00000000
     106500.00000000          0.00000000
     106575.00000000          0.00000000
     106650.00000000          0.00000000
     106725.00000000          0.00000000
     106800.00000000          0.00000000
     106875.00000000          0.00000000
     106950.00000000          0.00000000
     107025.00000000          0.00000000
     107100.00000000          0.00000000
     107175.00000000          0.00000000
     107250.00000000          0.00000000
     107325.00000000          0.00000000
     107400.00000000          0.00000000
     107475.00000000          0.00000000
     107550.00000000          0.00000000
     107625.00000000          0.00000000
     107700.00000000          0.00000000
     107775.00000000          0.00000000
     107850.00000000          0.00000000
     107925.00000000          0.00000000
     108000.00000000          0.00000000
     108075.00000000          0.00000000
     108150.00000000          0.00000000
     108225.00000000          0.00000000
     108300.00000000          0.00000000
     108375.00000000          0.00000000
     108450.00000000          0.00000000
     108525.00000000          0.00000000
     108600.00000000          0.00000000
     108675.00000000          0.00000000
     108750.00000000          0.00000000
     108825.00000000          0.00000000
     108900.00000000          0.00000000
     108975.00000000          0.00000000
     109050.00000000          0.00000000
     109125.00000000          0.00000000
     109200.00000000          0.00000000
     109275.00000000          0.00000000
     109350.00000000          0.00000000
     109425.00000000          0.00000000
     109500.00000000          0.00000000
     109575.00000000          0.00000000
     109650.00000000          0.00000000
     109725.00000000          0.00000000
     109800.00000000          0.00000000
     109875.00000000          0.00000000
     109950.00000000          0.00000000
     110025.00000000          0.00000000
     110100.00000000          0.00000000
     110175.00000000          0.00000000
     110250.00000000          0.00000000
     110325.00000000          0.00000000
     110400.00000000          0.00000000
     110475.00000000          0.00000000
     110550.00000000          0.00000000
     110625.00000000          0.00000000
     110700.00000000          0.00000000
     110775.00000000          0.00000000
     110850.00000000          0.00000000
     110925.00000000          0.00000000
     111000.00000000          0.00000000
     111075.00000000          0.00000000
     111150.00000000          0.00000000
     111225.00000000          0.00000000
     111300.00000000          0.00000000
     111375.00000000          0.00000000
     111450.00000000          0.00000000
     111525.00000000          0.00000000
     111600.00000000          0.00000000
     111675.00000000          0.00000000
     111750.00000000          0.00000000
     111825.00000000          0.00000000
     111900.00000000          0.00000000
     111975.00000000          0.00000000
     112050.00000000          0.00000000
     112125.00000000          0.00000000
     112200.00000000          0.00000000
     112275.00000000          0.00000000
     112350.00000000          0.00000000
     112425.00000000          0.00000000
     112500.00000000          0.00000000
     112575.00000000          0.00000000
     112650.00000000          0.00000000
     112725.00000000          0.00000000
     112800.00000000          0.00000000
     112875.00000000          0.00000000
     112950.00000000          0.00000000
     113025.00000000          0.00000000
     113100.00000000          0.00000000
     113175.00000000          0.00000000
     113250.00000000          0.00000000
     113325.00000000          0.00000000
     113400.00000000          0.00000000
     113475.00000000          0.00000000
     113550.00000000          0.00000000
     113625.00000000          0.00000000
     113700.00000000          0.00000000
     113775.00000000          0.00000000
     113850.00000000          0.00000000
     113925.00000000          0.00000000
     114000.00000000          0.00000000
     114075.00000000          0.00000000
     114150.00000000          0.00000000
     114225.00000000          0.00000000
     114300.00000000          0.00000000
     114375.00000000          0.00000000
     114450.00000000          0.00000000
     114525.00000000          0.00000000
     114600.00000000          0.00000000
     114675.00000000          0.00000000
     114750.00000000          0.00000000
     114825.00000000          0.00000000
     114900.00000000          0.00000000
     114975.00000000          0.00000000
     115050.00000000          0.00000000
     115125.00000000          0.00000000
     115200.00000000          0.00000000
     115275.00000000          0.00000000
     115350.00000000          0.00000000
     115425.00000000          0.00000000
     115500.00000000          0.00000000
     115575.00000000          0.00000000
     115650.00000000          0.00000000
     115725.00000000          0.00000000
     115800.00000000          0.00000000
     115875.00000000          0.00000000
     115950.00000000          0.00000000
     116025.00000000          0.00000000
     116100.00000000          0.00000000
     116175.00000000          0.00000000
     116250.00000000          0.00000000
     116325.00000000          0.00000000
     116400.00000000          0.00000000
     116475.00000000          0.00000000
     116550.00000000          0.00000000
     116625.00000000          0.00000000
     116700.00000000          0.00000000
     116775.00000000          0.00000000
     116850.00000000          0.00000000
     116925.00000000          0.00000000
     117000.00000000          0.00000000
     117075.00000000          0.00000000
     117150.00000000          0.00000000
     117225.00000000          0.00000000
     117300.00000000          0.00000000
     117375.00000000          0.00000000
     117450.00000000          0.00000000
     117525.00000000          0.00000000
     117600.00000000          0.00000000
     117675.00000000          0.00000000
     117750.00000000          0.00000000
     117825.00000000          0.00000000
     117900.00000000          0.00000000
     117975.00000000          0.00000000
     118050.00000000          0.00000000
     118125.00000000          0.00000000
     118200.00000000          0.00000000
     118275.00000000          0.00000000
     118350.00000000          0.00000000
     118425.00000000          0.00000000
     118500.00000000          0.00000000
     118575.00000000          0.00000000
     118650.00000000          0.00000000
     118725.00000000          0.00000000
     118800.00000000          0.00000000
     118875.00000000          0.00000000
     118950.00000000          0.00000000
     119025.00000000          0.00000000
     119100.00000000          0.00000000
     119175.00000000          0.00000000
     119250.00000000          0.00000000
     119325.00000000          0.00000000
     119400.00000000          0.00000000
     119475.00000000          0.00000000
     119550.00000000          0.00000000
     119625.00000000          0.00000000
     119700.00000000          0.00000000
     119775.00000000          0.00000000
     119850.00000000          0.00000000
     119925.00000000          0.00000000
     120000.00000000          0.00000000
     120075.00000000          0.00000000
     120150.00000000          0.00000000
     120225.00000000          0.00000000
     120300.00000000          0.00000000
     120375.00000000          0.00000000
     120450.00000000          0.00000000
     120525.00000000          0.00000000
     120600.00000000          0.00000000
     120675.00000000          0.00000000
     120750.00000000          0.00000000
     120825.00000000          0.00000000
     120900.00000000          0.00000000
     120975.00000000          0.00000000
     121050.00000000          0.00000000
     121125.00000000          0.00000000
     121200.00000000          0.00000000
     121275.00000000          0.00000000
     121350.00000000          0.00000000
     121425.00000000          0.00000000
     121500.00000000          0.00000000
     121575.00000000          0.00000000
     121650.00000000          0.00000000
     121725.00000000          0.00000000
     121800.00000000          0.00000000
     121875.00000000          0.00000000
     121950.00000000          0.00000000
     122025.00000000          0.00000000
     122100.00000000          0.00000000
     122175.00000000          0.00000000
     122250.00000000          0.00000000
     122325.00000000          0.00000000
     122400.00000000          0.00000000
     122475.00000000          0.00000000
     122550.00000000          0.00000000
     122625.00000000          0.00000000
     122700.00000000          0.00000000
     122775.00000000          0.00000000
     122850.00000000          0.00000000
     122925.00000000          0.00000000
     123000.00000000          0.00000000
     123075.00000000          0.00000000
     123150.00000000          0.00000000
     123225.00000000          0.00000000
     123300.00000000          0.00000000
     123375.00000000          0.00000000
     123450.00000000          0.00000000
     123525.00000000          0.00000000
     123600.00000000          0.00000000
     123675.00000000          0.00000000
     123750.00000000          0.00000000
     123825.00000000          0.00000000
     123900.00000000          0.00000000
     123975.00000000          0.00000000
     124050.00000000          0.00000000
     124125.00000000          0.00000000
     124200.00000000          0.00000000
     124275.00000000          0.00000000
     124350.00000000          0.00000000
     124425.00000000          0.00000000
     124500.00000000          0.00000000
     124575.00000000          0.00000000
     124650.00000000          0.00000000
     124725.00000000          0.00000000
     124800.00000000          0.00000000
     124875.00000000          0.00000000
     124950.00000000          0.00000000
     125025.00000000          0.00000000
     125100.00000000          0.00000000
     125175.00000000          0.00000000
     125250.00000000          0.00000000
     125325.00000000          0.00000000
     125400.00000000          0.00000000
     125475.00000000          0.00000000
     125550.00000000          0.00000000
     125625.00000000          0.00000000
     125700.00000000          0.00000000
     125775.00000000          0.00000000
     125850.00000000          0.00000000
     125925.00000000          0.00000000
     126000.00000000          0.00000000
     126075.00000000          0.00000000
     126150.00000000          0.00000000
     126225.00000000          0.00000000
     126300.00000000          0.00000000
     126375.00000000          0.00000000
     126450.00000000          0.00000000
     126525.00000000          0.00000000
     126600.00000000          0.00000000
     126675.00000000          0.00000000
     126750.00000000          0.00000000
     126825.00000000          0.00000000
     126900.00000000          0.00000000
     126975.00000000          0.00000000
     127050.00000000          0.00000000
     127125.00000000          0.00000000
     127200.00000000          0.00000000
     127275.00000000          0.00000000
     127350.00000000          0.00000000
     127425.00000000          0.00000000
     127500.00000000          0.00000000
     127575.00000000          0.00000000
     127650.00000000          0.00000000
     127725.00000000          0.00000000
     127800.00000000          0.00000000
     127875.00000000          0.00000000
     127950.00000000          0.00000000
     128025.00000000          0.00000000
     128100.00000000          0.00000000
     128175.00000000          0.00000000
     128250.00000000          0.00000000
     128325.00000000          0.00000000
     128400.00000000          0.00000000
     128475.00000000          0.00000000
     128550.00000000          0.00000000
     128625.00000000          0.00000000
     128700.00000000          0.00000000
     128775.00000000          0.00000000
     128850.00000000          0.00000000
     128925.00000000          0.00000000
     129000.00000000          0.00000000
     129075.00000000          0.00000000
     129150.00000000          0.00000000
     129225.00000000          0.00000000
     129300.00000000          0.00000000
     129375.00000000          0.00000000
     129450.00000000          0.00000000
     129525.00000000          0.00000000
     129600.00000000          0.00000000
     129675.00000000          0.00000000
     129750.00000000          0.00000000
     129825.00000000          0.00000000
     129900.00000000          0.00000000
     129975.00000000          0.00000000
     130050.00000000          0.00000000
     130125.00000000          0.00000000
     130200.00000000          0.00000000
     130275.00000000          0.00000000
     130350.00000000          0.00000000
     130425.00000000          0.00000000
     130500.00000000          0.00000000
     130575.00000000          0.00000000
     130650.00000000          0.00000000
     130725.00000000          0.00000000
     130800.00000000          0.00000000
     130875.00000000          0.00000000
     130950.00000000          0.00000000
     131025.00000000          0.00000000
     131100.00000000          0.00000000
     131175.00000000          0.00000000
     131250.00000000          0.00000000
     131325.00000000          0.00000000
     131400.00000000          0.00000000
     131475.00000000          0.00000000
     131550.00000000          0.00000000
     131625.00000000          0.00000000
     131700.00000000          0.00000000
     131775.00000000          0.00000000
     131850.00000000          0.00000000
     131925.00000000          0.00000000
     132000.00000000          0.00000000
     132075.00000000          0.00000000
     132150.00000000          0.00000000
     132225.00000000          0.00000000
     132300.00000000          0.00000000
     132375.00000000          0.00000000
     132450.00000000          0.00000000
     132525.00000000          0.00000000
     132600.00000000          0.00000000
     132675.00000000          0.00000000
     132750.00000000          0.00000000
     132825.00000000          0.00000000
     132900.00000000          0.00000000
     132975.00000000          0.00000000
     133050.00000000          0.00000000
     133125.00000000          0.00000000
     133200.00000000          0.00000000
     133275.00000000          0.00000000
     133350.00000000          0.00000000
     133425.00000000          0.00000000
     133500.00000000          0.00000000
     133575.00000000          0.00000000
     133650.00000000          0.00000000
     133725.00000000          0.00000000
     133800.00000000          0.00000000
     133875.00000000          0.00000000
     133950.00000000          0.00000000
     134025.00000000          0.00000000
     134100.00000000          0.00000000
     134175.00000000          0.00000000
     134250.00000000          0.00000000
     134325.00000000          0.00000000
     134400.00000000          0.00000000
     134475.00000000          0.00000000
     134550.00000000          0.00000000
     134625.00000000          0.00000000
     134700.00000000          0.00000000
     134775.00000000          0.00000000
     134850.00000000          0.00000000
     134925.00000000          0.00000000
     135000.00000000          0.00000000
     135075.00000000          0.00000000
     135150.00000000          0.00000000
     135225.00000000          0.00000000
     135300.00000000          0.00000000
     135375.00000000          0.00000000
     135450.00000000          0.00000000
     135525.00000000          0.00000000
     135600.00000000          0.00000000
     135675.00000000          0.00000000
     135750.00000000          0.00000000
     135825.00000000          0.00000000
     135900.00000000          0.00000000
     135975.00000000          0.00000000
     136050.00000000          0.00000000
     136125.00000000          0.00000000
     136200.00000000          0.00000000
     136275.00000000          0.00000000
     136350.00000000          0.00000000
     136425.00000000          0.00000000
     136500.00000000          0.00000000
     136575.00000000          0.00000000
     136650.00000000          0.00000000
     136725.00000000          0.00000000
     136800.00000000          0.00000000
     136875.00000000          0.00000000
     136950.00000000          0.00000000
     137025.00000000          0.00000000
     137100.00000000          0.00000000
     137175.00000000          0.00000000
     137250.00000000          0.00000000
     137325.00000000          0.00000000
     137400.00000000          0.00000000
     137475.00000000          0.00000000
     137550.00000000          0.00000000
     137625.00000000          0.00000000
     137700.00000000          0.00000000
     137775.00000000          0.00000000
     137850.00000000          0.00000000
     137925.00000000          0.00000000
     138000.00000000          0.00000000
     138075.00000000          0.00000000
     138150.00000000          0.00000000
     138225.00000000          0.00000000
     138300.00000000          0.00000000
     138375.00000000          0.00000000
     138450.00000000          0.00000000
     138525.00000000          0.00000000
     138600.00000000          0.00000000
     138675.00000000          0.00000000
     138750.00000000          0.00000000
     138825.00000000          0.00000000
     138900.00000000          0.00000000
     138975.00000000          0.00000000
     139050.00000000          0.00000000
     139125.00000000          0.00000000
     139200.00000000          0.00000000
     139275.00000000          0.00000000
     139350.00000000          0.00000000
     139425.00000000          0.00000000
     139500.00000000          0.00000000
     139575.00000000          0.00000000
     139650.00000000          0.00000000
     139725.00000000          0.00000000
     139800.00000000          0.00000000
     139875.00000000          0.00000000
     139950.00000000          0.00000000
     140025.00000000          0.00000000
     140100.00000000          0.00000000
     140175.00000000          0.00000000
     140250.00000000          0.00000000
     140325.00000000          0.00000000
     140400.00000000          0.00000000
     140475.00000000          0.00000000
     140550.00000000          0.00000000
     140625.00000000          0.00000000
     140700.00000000          0.00000000
     140775.00000000          0.00000000
     140850.00000000          0.00000000
     140925.00000000          0.00000000
     141000.00000000          0.00000000
     141075.00000000          0.00000000
     141150.00000000          0.00000000
     141225.00000000          0.00000000
     141300.00000000          0.00000000
     141375.00000000          0.00000000
     141450.00000000          0.00000000
     141525.00000000          0.00000000
     141600.00000000          0.00000000
     141675.00000000          0.00000000
     141750.00000000          0.00000000
     141825.00000000          0.00000000
     141900.00000000          0.00000000
     141975.00000000          0.00000000
     142050.00000000          0.00000000
     142125.00000000          0.00000000
     142200.00000000          0.00000000
     142275.00000000          0.00000000
     142350.00000000          0.00000000
     142425.00000000          0.00000000
     142500.00000000          0.00000000
     142575.00000000          0.00000000
     142650.00000000          0.00000000
     142725.00000000          0.00000000
     142800.00000000          0.00000000
     142875.00000000          0.00000000
     142950.00000000          0.00000000
     143025.00000000          0.00000000
     143100.00000000          0.00000000
     143175.00000000          0.00000000
     143250.00000000          0.00000000
     143325.00000000          0.00000000
     143400.00000000          0.00000000
     143475.00000000          0.00000000
     143550.00000000          0.00000000
     143625.00000000          0.00000000
     143700.00000000          0.00000000
     143775.00000000          0.00000000
     143850.00000000          0.00000000
     143925.00000000          0.00000000
     144000.00000000          0.00000000
     144075.00000000          0.00000000
     144150.00000000          0.00000000
     144225.00000000          0.00000000
     144300.00000000          0.00000000
     144375.00000000          0.00000000
     144450.00000000          0.00000000
     144525.00000000          0.00000000
     144600.00000000          0.00000000
     144675.00000000          0.00000000
     144750.00000000          0.00000000
     144825.00000000          0.00000000
     144900.00000000          0.00000000
     144975.00000000          0.00000000
     145050.00000000          0.00000000
     145125.00000000          0.00000000
     145200.00000000          0.00000000
     145275.00000000          0.00000000
     145350.00000000          0.00000000
     145425.00000000          0.00000000
     145500.00000000          0.00000000
     145575.00000000          0.00000000
     145650.00000000          0.00000000
     145725.00000000          0.00000000
     145800.00000000          0.00000000
     145875.00000000          0.00000000
     145950.00000000          0.00000000
     146025.00000000          0.00000000
     146100.00000000          0.00000000
     146175.00000000          0.00000000
     146250.00000000          0.00000000
     146325.00000000          0.00000000
     146400.00000000          0.00000000
     146475.00000000          0.00000000
     146550.00000000          0.00000000
     146625.00000000          0.00000000
     146700.00000000          0.00000000
     146775.00000000          0.00000000
     146850.00000000          0.00000000
     146925.00000000          0.00000000
     147000.00000000          0.00000000
     147075.00000000          0.00000000
     147150.00000000          0.00000000
     147225.00000000          0.00000000
     147300.00000000          0.00000000
     147375.00000000          0.00000000
     147450.00000000          0.00000000
     147525.00000000          0.00000000
     147600.00000000          0.00000000
     147675.00000000          0.00000000
     147750.00000000          0.00000000
     147825.00000000          0.00000000
     147900.00000000          0.00000000
     147975.00000000          0.00000000
     148050.00000000          0.00000000
     148125.00000000          0.00000000
     148200.00000000          0.00000000
     148275.00000000          0.00000000
     148350.00000000          0.00000000
     148425.00000000          0.00000000
     148500.00000000          0.00000000
     148575.00000000          0.00000000
     148650.00000000          0.00000000
     148725.00000000          0.00000000
     148800.00000000          0.00000000
     148875.00000000          0.00000000
     148950.00000000          0.00000000
     149025.00000000          0.00000000
     149100.00000000          0.00000000
     149175.00000000          0.00000000
     149250.00000000          0.00000000
     149325.00000000          0.00000000
     149400.00000000          0.00000000
     149475.00000000          0.00000000
     149550.00000000          0.00000000
     149625.00000000          0.00000000
     149700.00000000          0.00000000
     149775.00000000          0.00000000
     149850.00000000          0.00000000
     149925.00000000          0.00000000
