          0.00000000          0.00007282
         75.00000000       2032.72387695
        150.00000000          0.15907826
        225.00000000      46898.78125000
        300.00000000          1.20759869
        375.00000000      11431.85351562
        450.00000000          5.37190151
        525.00000000       2051.29418945
        600.00000000          0.00032522
        675.00000000       6823.30273438
        750.00000000          3.33034706
        825.00000000       9645.37500000
        900.00000000         36.51398849
        975.00000000       9937.58593750
       1050.00000000          5.78868675
       1125.00000000       6694.66406250
       1200.00000000          0.01085960
       1275.00000000       1146.38439941
       1350.00000000         30.27049637
       1425.00000000       7430.64843750
       1500.00000000         16.85078621
       1575.00000000      26645.50000000
       1650.00000000         10.99267769
       1725.00000000       1092.40014648
       1800.00000000          0.12043926
       1875.00000000        755.55084229
       1950.00000000          8.79896355
       2025.00000000      16821.82031250
       2100.00000000         22.33655357
       2175.00000000       3575.53271484
       2250.00000000         44.44175339
       2325.00000000        737.01965332
       2400.00000000          0.04816135
       2475.00000000       1392.21215820
       2550.00000000          8.99900150
       2625.00000000       1903.62561035
       2700.00000000         67.66287994
       2775.00000000       2086.28881836
       2850.00000000          7.79062986
       2925.00000000       1322.70166016
       3000.00000000          0.05697786
       3075.00000000        127.65437317
       3150.00000000         21.12527847
       3225.00000000        984.61682129
       3300.00000000          9.28521156
       3375.00000000       3091.84472656
       3450.00000000          5.76238489
       3525.00000000        118.30163574
       3600.00000000          0.16592683
       3675.00000000         56.24050522
       3750.00000000          2.31103945
       3825.00000000       1232.47448730
       3900.00000000          5.79422569
       3975.00000000        228.13049316
       4050.00000000          9.59823704
       4125.00000000         53.13101196
       4200.00000000          0.01988549
       4275.00000000         56.86017227
       4350.00000000          1.21246564
       4425.00000000         76.66428375
       4500.00000000          7.85667610
       4575.00000000         89.08535767
       4650.00000000          0.75080729
       4725.00000000         52.60970688
       4800.00000000          0.01491074
       4875.00000000          2.85153437
       4950.00000000          1.34234333
       5025.00000000         26.49951172
       5100.00000000          0.50286973
       5175.00000000         73.12432861
       5250.00000000          0.33777779
       5325.00000000          2.55795431
       5400.00000000          0.01782980
       5475.00000000          0.81911898
       5550.00000000          0.06924456
       5625.00000000         18.37457085
       5700.00000000          0.19714653
       5775.00000000          2.94358468
       5850.00000000          0.28058976
       5925.00000000          0.78311247
       6000.00000000          0.00121941
       6075.00000000          0.45345965
       6150.00000000          0.02473357
       6225.00000000          0.62030053
       6300.00000000          0.13619688
       6375.00000000          0.78417301
       6450.00000000          0.01181217
       6525.00000000          0.42937326
       6600.00000000          0.00022492
       6675.00000000          0.01161540
       6750.00000000          0.01422007
       6825.00000000          0.14856587
       6900.00000000          0.00487371
       6975.00000000          0.35796407
       7050.00000000          0.00268417
       7125.00000000          0.01199841
       7200.00000000          0.00012815
       7275.00000000          0.00271444
       7350.00000000          0.00049283
       7425.00000000          0.05756366
       7500.00000000          0.00088496
       7575.00000000          0.00833245
       7650.00000000          0.00113356
       7725.00000000          0.00203269
       7800.00000000          0.00000290
       7875.00000000          0.00088113
       7950.00000000          0.00004094
       8025.00000000          0.00121595
       8100.00000000          0.00030084
       8175.00000000          0.00120924
       8250.00000000          0.00001138
       8325.00000000          0.00057849
       8400.00000000          0.00001507
       8475.00000000          0.00003343
       8550.00000000          0.00001025
       8625.00000000          0.00011642
       8700.00000000          0.00000370
       8775.00000000          0.00028017
       8850.00000000          0.00002160
       8925.00000000          0.00000507
       9000.00000000          0.00001031
       9075.00000000          0.00000428
       9150.00000000          0.00000541
       9225.00000000          0.00002066
       9300.00000000          0.00001179
       9375.00000000          0.00000407
       9450.00000000          0.00001175
       9525.00000000          0.00001205
       9600.00000000          0.00000701
       9675.00000000          0.00000542
       9750.00000000          0.00000735
       9825.00000000          0.00000515
       9900.00000000          0.00000812
       9975.00000000          0.00000905
      10050.00000000          0.00000680
      10125.00000000          0.00000798
      10200.00000000          0.00000631
      10275.00000000          0.00000626
      10350.00000000          0.00000658
      10425.00000000          0.00000685
      10500.00000000          0.00000643
      10575.00000000          0.00000701
      10650.00000000          0.00000620
      10725.00000000          0.00000638
      10800.00000000          0.00000626
      10875.00000000          0.00000632
      10950.00000000          0.00000631
      11025.00000000          0.00000644
      11100.00000000          0.00000627
      11175.00000000          0.00000635
      11250.00000000          0.00000629
      11325.00000000          0.00000631
      11400.00000000          0.00000635
      11475.00000000          0.00000637
      11550.00000000          0.00000639
      11625.00000000          0.00000643
      11700.00000000          0.00000643
      11775.00000000          0.00000646
      11850.00000000          0.00000648
      11925.00000000          0.00000651
      12000.00000000          0.00000654
      12075.00000000          0.00000658
      12150.00000000          0.00000661
      12225.00000000          0.00000664
      12300.00000000          0.00000668
      12375.00000000          0.00000671
      12450.00000000          0.00000676
      12525.00000000          0.00000678
      12600.00000000          0.00000683
      12675.00000000          0.00000686
      12750.00000000          0.00000690
      12825.00000000          0.00000695
      12900.00000000          0.00000699
      12975.00000000          0.00000704
      13050.00000000          0.00000708
      13125.00000000          0.00000713
      13200.00000000          0.00000717
      13275.00000000          0.00000722
      13350.00000000          0.00000726
      13425.00000000          0.00000730
      13500.00000000          0.00000736
      13575.00000000          0.00000740
      13650.00000000          0.00000745
      13725.00000000          0.00000749
      13800.00000000          0.00000755
      13875.00000000          0.00000760
      13950.00000000          0.00000764
      14025.00000000          0.00000769
      14100.00000000          0.00000773
      14175.00000000          0.00000779
      14250.00000000          0.00000784
      14325.00000000          0.00000790
      14400.00000000          0.00000794
      14475.00000000          0.00000799
      14550.00000000          0.00000804
      14625.00000000          0.00000810
      14700.00000000          0.00000815
      14775.00000000          0.00000819
      14850.00000000          0.00000824
      14925.00000000          0.00000830
      15000.00000000          0.00000834
      15075.00000000          0.00000840
      15150.00000000          0.00000846
      15225.00000000          0.00000851
      15300.00000000          0.00000855
      15375.00000000          0.00000860
      15450.00000000          0.00000865
      15525.00000000          0.00000870
      15600.00000000          0.00000875
      15675.00000000          0.00000880
      15750.00000000          0.00000884
      15825.00000000          0.00000890
      15900.00000000          0.00000894
      15975.00000000          0.00000899
      16050.00000000          0.00000905
      16125.00000000          0.00000910
      16200.00000000          0.00000914
      16275.00000000          0.00000920
      16350.00000000          0.00000924
      16425.00000000          0.00000929
      16500.00000000          0.00000934
      16575.00000000          0.00000938
      16650.00000000          0.00000944
      16725.00000000          0.00000949
      16800.00000000          0.00000953
      16875.00000000          0.00000958
      16950.00000000          0.00000963
      17025.00000000          0.00000967
      17100.00000000          0.00000972
      17175.00000000          0.00000978
      17250.00000000          0.00000982
      17325.00000000          0.00000986
      17400.00000000          0.00000990
      17475.00000000          0.00000995
      17550.00000000          0.00001000
      17625.00000000          0.00001003
      17700.00000000          0.00001009
      17775.00000000          0.00001013
      17850.00000000          0.00001017
      17925.00000000          0.00001022
      18000.00000000          0.00001026
      18075.00000000          0.00001030
      18150.00000000          0.00001035
      18225.00000000          0.00001038
      18300.00000000          0.00001043
      18375.00000000          0.00001047
      18450.00000000          0.00001051
      18525.00000000          0.00001055
      18600.00000000          0.00001059
      18675.00000000          0.00001064
      18750.00000000          0.00001068
      18825.00000000          0.00001071
      18900.00000000          0.00001075
      18975.00000000          0.00001078
      19050.00000000          0.00001083
      19125.00000000          0.00001087
      19200.00000000          0.00001091
      19275.00000000          0.00001095
      19350.00000000          0.00001098
      19425.00000000          0.00001102
      19500.00000000          0.00001106
      19575.00000000          0.00001109
      19650.00000000          0.00001113
      19725.00000000          0.00001117
      19800.00000000          0.00001121
      19875.00000000          0.00001124
      19950.00000000          0.00001126
      20025.00000000          0.00001130
      20100.00000000          0.00001135
      20175.00000000          0.00001139
      20250.00000000          0.00001141
      20325.00000000          0.00001144
      20400.00000000          0.00001148
      20475.00000000          0.00001152
      20550.00000000          0.00001155
      20625.00000000          0.00001158
      20700.00000000          0.00001162
      20775.00000000          0.00001165
      20850.00000000          0.00001169
      20925.00000000          0.00001171
      21000.00000000          0.00001174
      21075.00000000          0.00001178
      21150.00000000          0.00001180
      21225.00000000          0.00001184
      21300.00000000          0.00001187
      21375.00000000          0.00001189
      21450.00000000          0.00001192
      21525.00000000          0.00001196
      21600.00000000          0.00001200
      21675.00000000          0.00001202
      21750.00000000          0.00001205
      21825.00000000          0.00001208
      21900.00000000          0.00001211
      21975.00000000          0.00001213
      22050.00000000          0.00001216
      22125.00000000          0.00001218
      22200.00000000          0.00001222
      22275.00000000          0.00001225
      22350.00000000          0.00001227
      22425.00000000          0.00001229
      22500.00000000          0.00001233
      22575.00000000          0.00001235
      22650.00000000          0.00001237
      22725.00000000          0.00001239
      22800.00000000          0.00001242
      22875.00000000          0.00001245
      22950.00000000          0.00001247
      23025.00000000          0.00001251
      23100.00000000          0.00001252
      23175.00000000          0.00001255
      23250.00000000          0.00001257
      23325.00000000          0.00001259
      23400.00000000          0.00001262
      23475.00000000          0.00001264
      23550.00000000          0.00001267
      23625.00000000          0.00001268
      23700.00000000          0.00001271
      23775.00000000          0.00001273
      23850.00000000          0.00001276
      23925.00000000          0.00001278
      24000.00000000          0.00001280
      24075.00000000          0.00001281
      24150.00000000          0.00001284
      24225.00000000          0.00001286
      24300.00000000          0.00001288
      24375.00000000          0.00001290
      24450.00000000          0.00001292
      24525.00000000          0.00001294
      24600.00000000          0.00001296
      24675.00000000          0.00001298
      24750.00000000          0.00001299
      24825.00000000          0.00001302
      24900.00000000          0.00001303
      24975.00000000          0.00001306
      25050.00000000          0.00001308
      25125.00000000          0.00001309
      25200.00000000          0.00001312
      25275.00000000          0.00001313
      25350.00000000          0.00001315
      25425.00000000          0.00001318
      25500.00000000          0.00001318
      25575.00000000          0.00001320
      25650.00000000          0.00001322
      25725.00000000          0.00001324
      25800.00000000          0.00001326
      25875.00000000          0.00001327
      25950.00000000          0.00001328
      26025.00000000          0.00001330
      26100.00000000          0.00001331
      26175.00000000          0.00001333
      26250.00000000          0.00001335
      26325.00000000          0.00001336
      26400.00000000          0.00001338
      26475.00000000          0.00001339
      26550.00000000          0.00001342
      26625.00000000          0.00001342
      26700.00000000          0.00001344
      26775.00000000          0.00001345
      26850.00000000          0.00001347
      26925.00000000          0.00001348
      27000.00000000          0.00001349
      27075.00000000          0.00001350
      27150.00000000          0.00001351
      27225.00000000          0.00001353
      27300.00000000          0.00001355
      27375.00000000          0.00001357
      27450.00000000          0.00001358
      27525.00000000          0.00001359
      27600.00000000          0.00001360
      27675.00000000          0.00001360
      27750.00000000          0.00001362
      27825.00000000          0.00001363
      27900.00000000          0.00001365
      27975.00000000          0.00001367
      28050.00000000          0.00001367
      28125.00000000          0.00001368
      28200.00000000          0.00001370
      28275.00000000          0.00001371
      28350.00000000          0.00001373
      28425.00000000          0.00001373
      28500.00000000          0.00001374
      28575.00000000          0.00001375
      28650.00000000          0.00001376
      28725.00000000          0.00001377
      28800.00000000          0.00001379
      28875.00000000          0.00001379
      28950.00000000          0.00001380
      29025.00000000          0.00001381
      29100.00000000          0.00001382
      29175.00000000          0.00001383
      29250.00000000          0.00001383
      29325.00000000          0.00001385
      29400.00000000          0.00001385
      29475.00000000          0.00001387
      29550.00000000          0.00001388
      29625.00000000          0.00001388
      29700.00000000          0.00001389
      29775.00000000          0.00001391
      29850.00000000          0.00001391
      29925.00000000          0.00001391
      30000.00000000          0.00001392
      30075.00000000          0.00001392
      30150.00000000          0.00001393
      30225.00000000          0.00001395
      30300.00000000          0.00001395
      30375.00000000          0.00001396
      30450.00000000          0.00001396
      30525.00000000          0.00001398
      30600.00000000          0.00001398
      30675.00000000          0.00001398
      30750.00000000          0.00001400
      30825.00000000          0.00001400
      30900.00000000          0.00001401
      30975.00000000          0.00001402
      31050.00000000          0.00001403
      31125.00000000          0.00001403
      31200.00000000          0.00001403
      31275.00000000          0.00001404
      31350.00000000          0.00001405
      31425.00000000          0.00001406
      31500.00000000          0.00001406
      31575.00000000          0.00001407
      31650.00000000          0.00001408
      31725.00000000          0.00001407
      31800.00000000          0.00001409
      31875.00000000          0.00001409
      31950.00000000          0.00001408
      32025.00000000          0.00001409
      32100.00000000          0.00001410
      32175.00000000          0.00001411
      32250.00000000          0.00001411
      32325.00000000          0.00001412
      32400.00000000          0.00001412
      32475.00000000          0.00001412
      32550.00000000          0.00001413
      32625.00000000          0.00001414
      32700.00000000          0.00001414
      32775.00000000          0.00001414
      32850.00000000          0.00001414
      32925.00000000          0.00001414
      33000.00000000          0.00001414
      33075.00000000          0.00001414
      33150.00000000          0.00001416
      33225.00000000          0.00001416
      33300.00000000          0.00001416
      33375.00000000          0.00001417
      33450.00000000          0.00001416
      33525.00000000          0.00001418
      33600.00000000          0.00001416
      33675.00000000          0.00001417
      33750.00000000          0.00001418
      33825.00000000          0.00001419
      33900.00000000          0.00001419
      33975.00000000          0.00001419
      34050.00000000          0.00001419
      34125.00000000          0.00001419
      34200.00000000          0.00001419
      34275.00000000          0.00001419
      34350.00000000          0.00001420
      34425.00000000          0.00001420
      34500.00000000          0.00001419
      34575.00000000          0.00001420
      34650.00000000          0.00001420
      34725.00000000          0.00001421
      34800.00000000          0.00001420
      34875.00000000          0.00001421
      34950.00000000          0.00001420
      35025.00000000          0.00001421
      35100.00000000          0.00001420
      35175.00000000          0.00001421
      35250.00000000          0.00001421
      35325.00000000          0.00001420
      35400.00000000          0.00001421
      35475.00000000          0.00001422
      35550.00000000          0.00001420
      35625.00000000          0.00001421
      35700.00000000          0.00001421
      35775.00000000          0.00001421
      35850.00000000          0.00001421
      35925.00000000          0.00001419
      36000.00000000          0.00001421
      36075.00000000          0.00001421
      36150.00000000          0.00001421
      36225.00000000          0.00001421
      36300.00000000          0.00001421
      36375.00000000          0.00001421
      36450.00000000          0.00001421
      36525.00000000          0.00001420
      36600.00000000          0.00001420
      36675.00000000          0.00001420
      36750.00000000          0.00001421
      36825.00000000          0.00001421
      36900.00000000          0.00001421
      36975.00000000          0.00001421
      37050.00000000          0.00001420
      37125.00000000          0.00001422
      37200.00000000          0.00001420
      37275.00000000          0.00001418
      37350.00000000          0.00001420
      37425.00000000          0.00001419
      37500.00000000          0.00001420
      37575.00000000          0.00001420
      37650.00000000          0.00001420
      37725.00000000          0.00001421
      37800.00000000          0.00001420
      37875.00000000          0.00001418
      37950.00000000          0.00001419
      38025.00000000          0.00001418
      38100.00000000          0.00001419
      38175.00000000          0.00001418
      38250.00000000          0.00001419
      38325.00000000          0.00001419
      38400.00000000          0.00001417
      38475.00000000          0.00001418
      38550.00000000          0.00001417
      38625.00000000          0.00001416
      38700.00000000          0.00001417
      38775.00000000          0.00001417
      38850.00000000          0.00001416
      38925.00000000          0.00001415
      39000.00000000          0.00001417
      39075.00000000          0.00001417
      39150.00000000          0.00001415
      39225.00000000          0.00001415
      39300.00000000          0.00001414
      39375.00000000          0.00001413
      39450.00000000          0.00001414
      39525.00000000          0.00001412
      39600.00000000          0.00001413
      39675.00000000          0.00001412
      39750.00000000          0.00001412
      39825.00000000          0.00001412
      39900.00000000          0.00001412
      39975.00000000          0.00001411
      40050.00000000          0.00001410
      40125.00000000          0.00001410
      40200.00000000          0.00001410
      40275.00000000          0.00001410
      40350.00000000          0.00001410
      40425.00000000          0.00001409
      40500.00000000          0.00001409
      40575.00000000          0.00001408
      40650.00000000          0.00001408
      40725.00000000          0.00001409
      40800.00000000          0.00001408
      40875.00000000          0.00001407
      40950.00000000          0.00001407
      41025.00000000          0.00001406
      41100.00000000          0.00001406
      41175.00000000          0.00001405
      41250.00000000          0.00001405
      41325.00000000          0.00001404
      41400.00000000          0.00001404
      41475.00000000          0.00001403
      41550.00000000          0.00001403
      41625.00000000          0.00001403
      41700.00000000          0.00001403
      41775.00000000          0.00001402
      41850.00000000          0.00001401
      41925.00000000          0.00001401
      42000.00000000          0.00001399
      42075.00000000          0.00001400
      42150.00000000          0.00001399
      42225.00000000          0.00001398
      42300.00000000          0.00001398
      42375.00000000          0.00001397
      42450.00000000          0.00001398
      42525.00000000          0.00001396
      42600.00000000          0.00001395
      42675.00000000          0.00001395
      42750.00000000          0.00001395
      42825.00000000          0.00001394
      42900.00000000          0.00001393
      42975.00000000          0.00001392
      43050.00000000          0.00001392
      43125.00000000          0.00001391
      43200.00000000          0.00001391
      43275.00000000          0.00001390
      43350.00000000          0.00001390
      43425.00000000          0.00001389
      43500.00000000          0.00001388
      43575.00000000          0.00001388
      43650.00000000          0.00001387
      43725.00000000          0.00001387
      43800.00000000          0.00001386
      43875.00000000          0.00001386
      43950.00000000          0.00001386
      44025.00000000          0.00001385
      44100.00000000          0.00001384
      44175.00000000          0.00001382
      44250.00000000          0.00001383
      44325.00000000          0.00001382
      44400.00000000          0.00001381
      44475.00000000          0.00001381
      44550.00000000          0.00001380
      44625.00000000          0.00001379
      44700.00000000          0.00001379
      44775.00000000          0.00001378
      44850.00000000          0.00001377
      44925.00000000          0.00001376
      45000.00000000          0.00001375
      45075.00000000          0.00001376
      45150.00000000          0.00001375
      45225.00000000          0.00001374
      45300.00000000          0.00001373
      45375.00000000          0.00001372
      45450.00000000          0.00001372
      45525.00000000          0.00001371
      45600.00000000          0.00001370
      45675.00000000          0.00001370
      45750.00000000          0.00001368
      45825.00000000          0.00001368
      45900.00000000          0.00001367
      45975.00000000          0.00001367
      46050.00000000          0.00001366
      46125.00000000          0.00001364
      46200.00000000          0.00001364
      46275.00000000          0.00001363
      46350.00000000          0.00001362
      46425.00000000          0.00001362
      46500.00000000          0.00001361
      46575.00000000          0.00001361
      46650.00000000          0.00001359
      46725.00000000          0.00001359
      46800.00000000          0.00001358
      46875.00000000          0.00001357
      46950.00000000          0.00001358
      47025.00000000          0.00001356
      47100.00000000          0.00001355
      47175.00000000          0.00001354
      47250.00000000          0.00001354
      47325.00000000          0.00001353
      47400.00000000          0.00001352
      47475.00000000          0.00001351
      47550.00000000          0.00001351
      47625.00000000          0.00001349
      47700.00000000          0.00001349
      47775.00000000          0.00001348
      47850.00000000          0.00001348
      47925.00000000          0.00001346
      48000.00000000          0.00001346
      48075.00000000          0.00001345
      48150.00000000          0.00001344
      48225.00000000          0.00001343
      48300.00000000          0.00001343
      48375.00000000          0.00001341
      48450.00000000          0.00001341
      48525.00000000          0.00001340
      48600.00000000          0.00001339
      48675.00000000          0.00001338
      48750.00000000          0.00001336
      48825.00000000          0.00001335
      48900.00000000          0.00001335
      48975.00000000          0.00001334
      49050.00000000          0.00001333
      49125.00000000          0.00001333
      49200.00000000          0.00001331
      49275.00000000          0.00001331
      49350.00000000          0.00001330
      49425.00000000          0.00001329
      49500.00000000          0.00001328
      49575.00000000          0.00001328
      49650.00000000          0.00001326
      49725.00000000          0.00001325
      49800.00000000          0.00001324
      49875.00000000          0.00001324
      49950.00000000          0.00001323
      50025.00000000          0.00001322
      50100.00000000          0.00001321
      50175.00000000          0.00001320
      50250.00000000          0.00001319
      50325.00000000          0.00001318
      50400.00000000          0.00001317
      50475.00000000          0.00001315
      50550.00000000          0.00001315
      50625.00000000          0.00001314
      50700.00000000          0.00001313
      50775.00000000          0.00001312
      50850.00000000          0.00001311
      50925.00000000          0.00001310
      51000.00000000          0.00001309
      51075.00000000          0.00001308
      51150.00000000          0.00001307
      51225.00000000          0.00001306
      51300.00000000          0.00001305
      51375.00000000          0.00001305
      51450.00000000          0.00001303
      51525.00000000          0.00001303
      51600.00000000          0.00001302
      51675.00000000          0.00001301
      51750.00000000          0.00001300
      51825.00000000          0.00001299
      51900.00000000          0.00001298
      51975.00000000          0.00001297
      52050.00000000          0.00001296
      52125.00000000          0.00001295
      52200.00000000          0.00001294
      52275.00000000          0.00001292
      52350.00000000          0.00001292
      52425.00000000          0.00001290
      52500.00000000          0.00001290
      52575.00000000          0.00001288
      52650.00000000          0.00001287
      52725.00000000          0.00001286
      52800.00000000          0.00001286
      52875.00000000          0.00001284
      52950.00000000          0.00001283
      53025.00000000          0.00001283
      53100.00000000          0.00001281
      53175.00000000          0.00001280
      53250.00000000          0.00001279
      53325.00000000          0.00001279
      53400.00000000          0.00001278
      53475.00000000          0.00001277
      53550.00000000          0.00001276
      53625.00000000          0.00001274
      53700.00000000          0.00001273
      53775.00000000          0.00001272
      53850.00000000          0.00001272
      53925.00000000          0.00001271
      54000.00000000          0.00001269
      54075.00000000          0.00001267
      54150.00000000          0.00001268
      54225.00000000          0.00001266
      54300.00000000          0.00001264
      54375.00000000          0.00001264
      54450.00000000          0.00001263
      54525.00000000          0.00001261
      54600.00000000          0.00001260
      54675.00000000          0.00001259
      54750.00000000          0.00001258
      54825.00000000          0.00001257
      54900.00000000          0.00001255
      54975.00000000          0.00001255
      55050.00000000          0.00001253
      55125.00000000          0.00001253
      55200.00000000          0.00001252
      55275.00000000          0.00001250
      55350.00000000          0.00001250
      55425.00000000          0.00001248
      55500.00000000          0.00001247
      55575.00000000          0.00001246
      55650.00000000          0.00001245
      55725.00000000          0.00001244
      55800.00000000          0.00001242
      55875.00000000          0.00001242
      55950.00000000          0.00001241
      56025.00000000          0.00001239
      56100.00000000          0.00001238
      56175.00000000          0.00001237
      56250.00000000          0.00001236
      56325.00000000          0.00001234
      56400.00000000          0.00001234
      56475.00000000          0.00001234
      56550.00000000          0.00001231
      56625.00000000          0.00001231
      56700.00000000          0.00001229
      56775.00000000          0.00001230
      56850.00000000          0.00001227
      56925.00000000          0.00001226
      57000.00000000          0.00001225
      57075.00000000          0.00001224
      57150.00000000          0.00001222
      57225.00000000          0.00001221
      57300.00000000          0.00001220
      57375.00000000          0.00001219
      57450.00000000          0.00001218
      57525.00000000          0.00001218
      57600.00000000          0.00001216
      57675.00000000          0.00001214
      57750.00000000          0.00001213
      57825.00000000          0.00001212
      57900.00000000          0.00001210
      57975.00000000          0.00001210
      58050.00000000          0.00001209
      58125.00000000          0.00001207
      58200.00000000          0.00001206
      58275.00000000          0.00001205
      58350.00000000          0.00001204
      58425.00000000          0.00001203
      58500.00000000          0.00001202
      58575.00000000          0.00001200
      58650.00000000          0.00001199
      58725.00000000          0.00001197
      58800.00000000          0.00001197
      58875.00000000          0.00001195
      58950.00000000          0.00001194
      59025.00000000          0.00001193
      59100.00000000          0.00001192
      59175.00000000          0.00001191
      59250.00000000          0.00001189
      59325.00000000          0.00001188
      59400.00000000          0.00001187
      59475.00000000          0.00001186
      59550.00000000          0.00001185
      59625.00000000          0.00001183
      59700.00000000          0.00001182
      59775.00000000          0.00001181
      59850.00000000          0.00001180
      59925.00000000          0.00001179
      60000.00000000          0.00001177
      60075.00000000          0.00001176
      60150.00000000          0.00001175
      60225.00000000          0.00001173
      60300.00000000          0.00001172
      60375.00000000          0.00001172
      60450.00000000          0.00001170
      60525.00000000          0.00001169
      60600.00000000          0.00001168
      60675.00000000          0.00001167
      60750.00000000          0.00001166
      60825.00000000          0.00001164
      60900.00000000          0.00001163
      60975.00000000          0.00001163
      61050.00000000          0.00001160
      61125.00000000          0.00001159
      61200.00000000          0.00001158
      61275.00000000          0.00001157
      61350.00000000          0.00001156
      61425.00000000          0.00001155
      61500.00000000          0.00001153
      61575.00000000          0.00001152
      61650.00000000          0.00001150
      61725.00000000          0.00001150
      61800.00000000          0.00001148
      61875.00000000          0.00001147
      61950.00000000          0.00001145
      62025.00000000          0.00001144
      62100.00000000          0.00001143
      62175.00000000          0.00001141
      62250.00000000          0.00001140
      62325.00000000          0.00001138
      62400.00000000          0.00001138
      62475.00000000          0.00001137
      62550.00000000          0.00001135
      62625.00000000          0.00001134
      62700.00000000          0.00001133
      62775.00000000          0.00001131
      62850.00000000          0.00001131
      62925.00000000          0.00001129
      63000.00000000          0.00001128
      63075.00000000          0.00001126
      63150.00000000          0.00001125
      63225.00000000          0.00001124
      63300.00000000          0.00001122
      63375.00000000          0.00001122
      63450.00000000          0.00001120
      63525.00000000          0.00001119
      63600.00000000          0.00001118
      63675.00000000          0.00001117
      63750.00000000          0.00001115
      63825.00000000          0.00001114
      63900.00000000          0.00001113
      63975.00000000          0.00001112
      64050.00000000          0.00001110
      64125.00000000          0.00001109
      64200.00000000          0.00001108
      64275.00000000          0.00001106
      64350.00000000          0.00001105
      64425.00000000          0.00001103
      64500.00000000          0.00001102
      64575.00000000          0.00001100
      64650.00000000          0.00001099
      64725.00000000          0.00001098
      64800.00000000          0.00001097
      64875.00000000          0.00001097
      64950.00000000          0.00001094
      65025.00000000          0.00001093
      65100.00000000          0.00001091
      65175.00000000          0.00001090
      65250.00000000          0.00001089
      65325.00000000          0.00001088
      65400.00000000          0.00001086
      65475.00000000          0.00001085
      65550.00000000          0.00001084
      65625.00000000          0.00001082
      65700.00000000          0.00001081
      65775.00000000          0.00001080
      65850.00000000          0.00001079
      65925.00000000          0.00001078
      66000.00000000          0.00001076
      66075.00000000          0.00001074
      66150.00000000          0.00001073
      66225.00000000          0.00001072
      66300.00000000          0.00001070
      66375.00000000          0.00001070
      66450.00000000          0.00001068
      66525.00000000          0.00001066
      66600.00000000          0.00001065
      66675.00000000          0.00001064
      66750.00000000          0.00001063
      66825.00000000          0.00001061
      66900.00000000          0.00001060
      66975.00000000          0.00001059
      67050.00000000          0.00001057
      67125.00000000          0.00001056
      67200.00000000          0.00001055
      67275.00000000          0.00001054
      67350.00000000          0.00001052
      67425.00000000          0.00001051
      67500.00000000          0.00001050
      67575.00000000          0.00001048
      67650.00000000          0.00001047
      67725.00000000          0.00001045
      67800.00000000          0.00001044
      67875.00000000          0.00001043
      67950.00000000          0.00001042
      68025.00000000          0.00001041
      68100.00000000          0.00001040
      68175.00000000          0.00001038
      68250.00000000          0.00001036
      68325.00000000          0.00001035
      68400.00000000          0.00001033
      68475.00000000          0.00001032
      68550.00000000          0.00001032
      68625.00000000          0.00001029
      68700.00000000          0.00001028
      68775.00000000          0.00001027
      68850.00000000          0.00001025
      68925.00000000          0.00001025
      69000.00000000          0.00001022
      69075.00000000          0.00001021
      69150.00000000          0.00001020
      69225.00000000          0.00001018
      69300.00000000          0.00001017
      69375.00000000          0.00001016
      69450.00000000          0.00001014
      69525.00000000          0.00001013
      69600.00000000          0.00001012
      69675.00000000          0.00001011
      69750.00000000          0.00001009
      69825.00000000          0.00001008
      69900.00000000          0.00001007
      69975.00000000          0.00001005
      70050.00000000          0.00001003
      70125.00000000          0.00001002
      70200.00000000          0.00001001
      70275.00000000          0.00000999
      70350.00000000          0.00000998
      70425.00000000          0.00000997
      70500.00000000          0.00000995
      70575.00000000          0.00000994
      70650.00000000          0.00000992
      70725.00000000          0.00000992
      70800.00000000          0.00000990
      70875.00000000          0.00000989
      70950.00000000          0.00000987
      71025.00000000          0.00000986
      71100.00000000          0.00000984
      71175.00000000          0.00000982
      71250.00000000          0.00000981
      71325.00000000          0.00000981
      71400.00000000          0.00000979
      71475.00000000          0.00000977
      71550.00000000          0.00000976
      71625.00000000          0.00000974
      71700.00000000          0.00000974
      71775.00000000          0.00000972
      71850.00000000          0.00000971
      71925.00000000          0.00000969
      72000.00000000          0.00000968
      72075.00000000          0.00000967
      72150.00000000          0.00000965
      72225.00000000          0.00000964
      72300.00000000          0.00000962
      72375.00000000          0.00000961
      72450.00000000          0.00000959
      72525.00000000          0.00000958
      72600.00000000          0.00000956
      72675.00000000          0.00000955
      72750.00000000          0.00000954
      72825.00000000          0.00000953
      72900.00000000          0.00000951
      72975.00000000          0.00000950
      73050.00000000          0.00000949
      73125.00000000          0.00000948
      73200.00000000          0.00000946
      73275.00000000          0.00000945
      73350.00000000          0.00000943
      73425.00000000          0.00000942
      73500.00000000          0.00000940
      73575.00000000          0.00000939
      73650.00000000          0.00000937
      73725.00000000          0.00000936
      73800.00000000          0.00000935
      73875.00000000          0.00000934
      73950.00000000          0.00000932
      74025.00000000          0.00000930
      74100.00000000          0.00000929
      74175.00000000          0.00000927
      74250.00000000          0.00000926
      74325.00000000          0.00000925
      74400.00000000          0.00000924
      74475.00000000          0.00000922
      74550.00000000          0.00000922
      74625.00000000          0.00000919
      74700.00000000          0.00000918
      74775.00000000          0.00000916
      74850.00000000          0.00000915
      74925.00000000          0.00000914
      75000.00000000          0.00000913
      75075.00000000          0.00000911
      75150.00000000          0.00000909
      75225.00000000          0.00000909
      75300.00000000          0.00000907
      75375.00000000          0.00000905
      75450.00000000          0.00000904
      75525.00000000          0.00000902
      75600.00000000          0.00000901
      75675.00000000          0.00000899
      75750.00000000          0.00000899
      75825.00000000          0.00000897
      75900.00000000          0.00000895
      75975.00000000          0.00000895
      76050.00000000          0.00000892
      76125.00000000          0.00000892
      76200.00000000          0.00000890
      76275.00000000          0.00000889
      76350.00000000          0.00000888
      76425.00000000          0.00000886
      76500.00000000          0.00000885
      76575.00000000          0.00000883
      76650.00000000          0.00000882
      76725.00000000          0.00000881
      76800.00000000          0.00000879
      76875.00000000          0.00000878
      76950.00000000          0.00000876
      77025.00000000          0.00000875
      77100.00000000          0.00000874
      77175.00000000          0.00000872
      77250.00000000          0.00000870
      77325.00000000          0.00000869
      77400.00000000          0.00000868
      77475.00000000          0.00000867
      77550.00000000          0.00000865
      77625.00000000          0.00000863
      77700.00000000          0.00000862
      77775.00000000          0.00000860
      77850.00000000          0.00000859
      77925.00000000          0.00000858
      78000.00000000          0.00000856
      78075.00000000          0.00000854
      78150.00000000          0.00000854
      78225.00000000          0.00000852
      78300.00000000          0.00000851
      78375.00000000          0.00000849
      78450.00000000          0.00000848
      78525.00000000          0.00000847
      78600.00000000          0.00000845
      78675.00000000          0.00000844
      78750.00000000          0.00000843
      78825.00000000          0.00000841
      78900.00000000          0.00000840
      78975.00000000          0.00000838
      79050.00000000          0.00000837
      79125.00000000          0.00000836
      79200.00000000          0.00000834
      79275.00000000          0.00000832
      79350.00000000          0.00000831
      79425.00000000          0.00000829
      79500.00000000          0.00000829
      79575.00000000          0.00000827
      79650.00000000          0.00000825
      79725.00000000          0.00000824
      79800.00000000          0.00000823
      79875.00000000          0.00000821
      79950.00000000          0.00000819
      80025.00000000          0.00000818
      80100.00000000          0.00000817
      80175.00000000          0.00000815
      80250.00000000          0.00000814
      80325.00000000          0.00000813
      80400.00000000          0.00000811
      80475.00000000          0.00000810
      80550.00000000          0.00000808
      80625.00000000          0.00000807
      80700.00000000          0.00000806
      80775.00000000          0.00000804
      80850.00000000          0.00000803
      80925.00000000          0.00000801
      81000.00000000          0.00000800
      81075.00000000          0.00000799
      81150.00000000          0.00000797
      81225.00000000          0.00000796
      81300.00000000          0.00000795
      81375.00000000          0.00000793
      81450.00000000          0.00000792
      81525.00000000          0.00000790
      81600.00000000          0.00000789
      81675.00000000          0.00000788
      81750.00000000          0.00000786
      81825.00000000          0.00000785
      81900.00000000          0.00000783
      81975.00000000          0.00000782
      82050.00000000          0.00000781
      82125.00000000          0.00000779
      82200.00000000          0.00000778
      82275.00000000          0.00000776
      82350.00000000          0.00000775
      82425.00000000          0.00000773
      82500.00000000          0.00000772
      82575.00000000          0.00000770
      82650.00000000          0.00000770
      82725.00000000          0.00000768
      82800.00000000          0.00000766
      82875.00000000          0.00000765
      82950.00000000          0.00000763
      83025.00000000          0.00000762
      83100.00000000          0.00000761
      83175.00000000          0.00000760
      83250.00000000          0.00000758
      83325.00000000          0.00000757
      83400.00000000          0.00000756
      83475.00000000          0.00000754
      83550.00000000          0.00000753
      83625.00000000          0.00000751
      83700.00000000          0.00000750
      83775.00000000          0.00000748
      83850.00000000          0.00000747
      83925.00000000          0.00000745
      84000.00000000          0.00000744
      84075.00000000          0.00000742
      84150.00000000          0.00000741
      84225.00000000          0.00000740
      84300.00000000          0.00000738
      84375.00000000          0.00000737
      84450.00000000          0.00000736
      84525.00000000          0.00000734
      84600.00000000          0.00000733
      84675.00000000          0.00000731
      84750.00000000          0.00000730
      84825.00000000          0.00000728
      84900.00000000          0.00000728
      84975.00000000          0.00000726
      85050.00000000          0.00000725
      85125.00000000          0.00000723
      85200.00000000          0.00000722
      85275.00000000          0.00000720
      85350.00000000          0.00000719
      85425.00000000          0.00000718
      85500.00000000          0.00000716
      85575.00000000          0.00000714
      85650.00000000          0.00000713
      85725.00000000          0.00000712
      85800.00000000          0.00000711
      85875.00000000          0.00000710
      85950.00000000          0.00000708
      86025.00000000          0.00000706
      86100.00000000          0.00000705
      86175.00000000          0.00000704
      86250.00000000          0.00000703
      86325.00000000          0.00000702
      86400.00000000          0.00000700
      86475.00000000          0.00000698
      86550.00000000          0.00000696
      86625.00000000          0.00000695
      86700.00000000          0.00000694
      86775.00000000          0.00000693
      86850.00000000          0.00000691
      86925.00000000          0.00000690
      87000.00000000          0.00000689
      87075.00000000          0.00000688
      87150.00000000          0.00000686
      87225.00000000          0.00000685
      87300.00000000          0.00000683
      87375.00000000          0.00000682
      87450.00000000          0.00000681
      87525.00000000          0.00000679
      87600.00000000          0.00000678
      87675.00000000          0.00000676
      87750.00000000          0.00000676
      87825.00000000          0.00000674
      87900.00000000          0.00000672
      87975.00000000          0.00000671
      88050.00000000          0.00000670
      88125.00000000          0.00000668
      88200.00000000          0.00000666
      88275.00000000          0.00000666
      88350.00000000          0.00000665
      88425.00000000          0.00000663
      88500.00000000          0.00000661
      88575.00000000          0.00000660
      88650.00000000          0.00000659
      88725.00000000          0.00000657
      88800.00000000          0.00000656
      88875.00000000          0.00000654
      88950.00000000          0.00000653
      89025.00000000          0.00000652
      89100.00000000          0.00000650
      89175.00000000          0.00000648
      89250.00000000          0.00000647
      89325.00000000          0.00000646
      89400.00000000          0.00000645
      89475.00000000          0.00000643
      89550.00000000          0.00000642
      89625.00000000          0.00000641
      89700.00000000          0.00000639
      89775.00000000          0.00000638
      89850.00000000          0.00000637
      89925.00000000          0.00000635
      90000.00000000          0.00000634
      90075.00000000          0.00000632
      90150.00000000          0.00000631
      90225.00000000          0.00000629
      90300.00000000          0.00000629
      90375.00000000          0.00000627
      90450.00000000          0.00000626
      90525.00000000          0.00000625
      90600.00000000          0.00000623
      90675.00000000          0.00000622
      90750.00000000          0.00000620
      90825.00000000          0.00000619
      90900.00000000          0.00000617
      90975.00000000          0.00000617
      91050.00000000          0.00000615
      91125.00000000          0.00000614
      91200.00000000          0.00000612
      91275.00000000          0.00000610
      91350.00000000          0.00000609
      91425.00000000          0.00000608
      91500.00000000          0.00000606
      91575.00000000          0.00000605
      91650.00000000          0.00000604
      91725.00000000          0.00000602
      91800.00000000          0.00000601
      91875.00000000          0.00000600
      91950.00000000          0.00000599
      92025.00000000          0.00000597
      92100.00000000          0.00000596
      92175.00000000          0.00000595
      92250.00000000          0.00000593
      92325.00000000          0.00000592
      92400.00000000          0.00000591
      92475.00000000          0.00000589
      92550.00000000          0.00000588
      92625.00000000          0.00000586
      92700.00000000          0.00000585
      92775.00000000          0.00000584
      92850.00000000          0.00000582
      92925.00000000          0.00000582
      93000.00000000          0.00000580
      93075.00000000          0.00000579
      93150.00000000          0.00000577
      93225.00000000          0.00000576
      93300.00000000          0.00000574
      93375.00000000          0.00000574
      93450.00000000          0.00000572
      93525.00000000          0.00000571
      93600.00000000          0.00000569
      93675.00000000          0.00000568
      93750.00000000          0.00000567
      93825.00000000          0.00000566
      93900.00000000          0.00000564
      93975.00000000          0.00000563
      94050.00000000          0.00000562
      94125.00000000          0.00000560
      94200.00000000          0.00000559
      94275.00000000          0.00000558
      94350.00000000          0.00000556
      94425.00000000          0.00000555
      94500.00000000          0.00000554
      94575.00000000          0.00000552
      94650.00000000          0.00000551
      94725.00000000          0.00000549
      94800.00000000          0.00000549
      94875.00000000          0.00000547
      94950.00000000          0.00000546
      95025.00000000          0.00000544
      95100.00000000          0.00000543
      95175.00000000          0.00000542
      95250.00000000          0.00000541
      95325.00000000          0.00000539
      95400.00000000          0.00000538
      95475.00000000          0.00000537
      95550.00000000          0.00000535
      95625.00000000          0.00000534
      95700.00000000          0.00000532
      95775.00000000          0.00000531
      95850.00000000          0.00000530
      95925.00000000          0.00000529
      96000.00000000          0.00000527
      96075.00000000          0.00000526
      96150.00000000          0.00000524
      96225.00000000          0.00000523
      96300.00000000          0.00000522
      96375.00000000          0.00000521
      96450.00000000          0.00000520
      96525.00000000          0.00000518
      96600.00000000          0.00000517
      96675.00000000          0.00000516
      96750.00000000          0.00000514
      96825.00000000          0.00000513
      96900.00000000          0.00000512
      96975.00000000          0.00000510
      97050.00000000          0.00000509
      97125.00000000          0.00000508
      97200.00000000          0.00000507
      97275.00000000          0.00000505
      97350.00000000          0.00000504
      97425.00000000          0.00000503
      97500.00000000          0.00000502
      97575.00000000          0.00000501
      97650.00000000          0.00000499
      97725.00000000          0.00000498
      97800.00000000          0.00000497
      97875.00000000          0.00000495
      97950.00000000          0.00000494
      98025.00000000          0.00000493
      98100.00000000          0.00000491
      98175.00000000          0.00000490
      98250.00000000          0.00000489
      98325.00000000          0.00000487
      98400.00000000          0.00000486
      98475.00000000          0.00000485
      98550.00000000          0.00000484
      98625.00000000          0.00000482
      98700.00000000          0.00000481
      98775.00000000          0.00000480
      98850.00000000          0.00000479
      98925.00000000          0.00000478
      99000.00000000          0.00000476
      99075.00000000          0.00000474
      99150.00000000          0.00000474
      99225.00000000          0.00000472
      99300.00000000          0.00000471
      99375.00000000          0.00000470
      99450.00000000          0.00000469
      99525.00000000          0.00000467
      99600.00000000          0.00000466
      99675.00000000          0.00000464
      99750.00000000          0.00000464
      99825.00000000          0.00000462
      99900.00000000          0.00000461
      99975.00000000          0.00000460
     100050.00000000          0.00000459
     100125.00000000          0.00000457
     100200.00000000          0.00000456
     100275.00000000          0.00000455
     100350.00000000          0.00000454
     100425.00000000          0.00000452
     100500.00000000          0.00000451
     100575.00000000          0.00000450
     100650.00000000          0.00000449
     100725.00000000          0.00000447
     100800.00000000          0.00000446
     100875.00000000          0.00000445
     100950.00000000          0.00000444
     101025.00000000          0.00000442
     101100.00000000          0.00000441
     101175.00000000          0.00000440
     101250.00000000          0.00000439
     101325.00000000          0.00000438
     101400.00000000          0.00000437
     101475.00000000          0.00000435
     101550.00000000          0.00000434
     101625.00000000          0.00000433
     101700.00000000          0.00000432
     101775.00000000          0.00000430
     101850.00000000          0.00000429
     101925.00000000          0.00000428
     102000.00000000          0.00000427
     102075.00000000          0.00000425
     102150.00000000          0.00000424
     102225.00000000          0.00000423
     102300.00000000          0.00000422
     102375.00000000          0.00000420
     102450.00000000          0.00000419
     102525.00000000          0.00000418
     102600.00000000          0.00000417
     102675.00000000          0.00000416
     102750.00000000          0.00000415
     102825.00000000          0.00000413
     102900.00000000          0.00000412
     102975.00000000          0.00000411
     103050.00000000          0.00000410
     103125.00000000          0.00000408
     103200.00000000          0.00000408
     103275.00000000          0.00000406
     103350.00000000          0.00000404
     103425.00000000          0.00000404
     103500.00000000          0.00000402
     103575.00000000          0.00000401
     103650.00000000          0.00000400
     103725.00000000          0.00000399
     103800.00000000          0.00000398
     103875.00000000          0.00000397
     103950.00000000          0.00000395
     104025.00000000          0.00000395
     104100.00000000          0.00000393
     104175.00000000          0.00000392
     104250.00000000          0.00000391
     104325.00000000          0.00000389
     104400.00000000          0.00000388
     104475.00000000          0.00000387
     104550.00000000          0.00000386
     104625.00000000          0.00000385
     104700.00000000          0.00000384
     104775.00000000          0.00000383
     104850.00000000          0.00000381
     104925.00000000          0.00000380
     105000.00000000          0.00000379
     105075.00000000          0.00000377
     105150.00000000          0.00000377
     105225.00000000          0.00000376
     105300.00000000          0.00000374
     105375.00000000          0.00000373
     105450.00000000          0.00000372
     105525.00000000          0.00000371
     105600.00000000          0.00000370
     105675.00000000          0.00000369
     105750.00000000          0.00000368
     105825.00000000          0.00000367
     105900.00000000          0.00000365
     105975.00000000          0.00000364
     106050.00000000          0.00000363
     106125.00000000          0.00000362
     106200.00000000          0.00000361
     106275.00000000          0.00000360
     106350.00000000          0.00000359
     106425.00000000          0.00000357
     106500.00000000          0.00000356
     106575.00000000          0.00000355
     106650.00000000          0.00000354
     106725.00000000          0.00000353
     106800.00000000          0.00000352
     106875.00000000          0.00000350
     106950.00000000          0.00000350
     107025.00000000          0.00000348
     107100.00000000          0.00000347
     107175.00000000          0.00000346
     107250.00000000          0.00000345
     107325.00000000          0.00000343
     107400.00000000          0.00000343
     107475.00000000          0.00000341
     107550.00000000          0.00000340
     107625.00000000          0.00000339
     107700.00000000          0.00000338
     107775.00000000          0.00000337
     107850.00000000          0.00000336
     107925.00000000          0.00000335
     108000.00000000          0.00000334
     108075.00000000          0.00000332
     108150.00000000          0.00000331
     108225.00000000          0.00000330
     108300.00000000          0.00000329
     108375.00000000          0.00000328
     108450.00000000          0.00000327
     108525.00000000          0.00000326
     108600.00000000          0.00000325
     108675.00000000          0.00000324
     108750.00000000          0.00000322
     108825.00000000          0.00000322
     108900.00000000          0.00000321
     108975.00000000          0.00000319
     109050.00000000          0.00000318
     109125.00000000          0.00000317
     109200.00000000          0.00000316
     109275.00000000          0.00000315
     109350.00000000          0.00000314
     109425.00000000          0.00000313
     109500.00000000          0.00000312
     109575.00000000          0.00000311
     109650.00000000          0.00000310
     109725.00000000          0.00000309
     109800.00000000          0.00000308
     109875.00000000          0.00000306
     109950.00000000          0.00000305
     110025.00000000          0.00000304
     110100.00000000          0.00000303
     110175.00000000          0.00000302
     110250.00000000          0.00000301
     110325.00000000          0.00000300
     110400.00000000          0.00000299
     110475.00000000          0.00000297
     110550.00000000          0.00000297
     110625.00000000          0.00000296
     110700.00000000          0.00000295
     110775.00000000          0.00000294
     110850.00000000          0.00000292
     110925.00000000          0.00000291
     111000.00000000          0.00000291
     111075.00000000          0.00000289
     111150.00000000          0.00000289
     111225.00000000          0.00000287
     111300.00000000          0.00000286
     111375.00000000          0.00000285
     111450.00000000          0.00000284
     111525.00000000          0.00000283
     111600.00000000          0.00000282
     111675.00000000          0.00000281
     111750.00000000          0.00000280
     111825.00000000          0.00000279
     111900.00000000          0.00000278
     111975.00000000          0.00000277
     112050.00000000          0.00000276
     112125.00000000          0.00000275
     112200.00000000          0.00000274
     112275.00000000          0.00000273
     112350.00000000          0.00000272
     112425.00000000          0.00000271
     112500.00000000          0.00000270
     112575.00000000          0.00000269
     112650.00000000          0.00000268
     112725.00000000          0.00000267
     112800.00000000          0.00000266
     112875.00000000          0.00000265
     112950.00000000          0.00000264
     113025.00000000          0.00000263
     113100.00000000          0.00000262
     113175.00000000          0.00000261
     113250.00000000          0.00000260
     113325.00000000          0.00000259
     113400.00000000          0.00000258
     113475.00000000          0.00000257
     113550.00000000          0.00000256
     113625.00000000          0.00000255
     113700.00000000          0.00000254
     113775.00000000          0.00000253
     113850.00000000          0.00000252
     113925.00000000          0.00000251
     114000.00000000          0.00000250
     114075.00000000          0.00000249
     114150.00000000          0.00000248
     114225.00000000          0.00000247
     114300.00000000          0.00000246
     114375.00000000          0.00000245
     114450.00000000          0.00000244
     114525.00000000          0.00000243
     114600.00000000          0.00000242
     114675.00000000          0.00000241
     114750.00000000          0.00000240
     114825.00000000          0.00000239
     114900.00000000          0.00000238
     114975.00000000          0.00000237
     115050.00000000          0.00000236
     115125.00000000          0.00000235
     115200.00000000          0.00000234
     115275.00000000          0.00000233
     115350.00000000          0.00000232
     115425.00000000          0.00000232
     115500.00000000          0.00000230
     115575.00000000          0.00000230
     115650.00000000          0.00000229
     115725.00000000          0.00000228
     115800.00000000          0.00000227
     115875.00000000          0.00000226
     115950.00000000          0.00000225
     116025.00000000          0.00000224
     116100.00000000          0.00000223
     116175.00000000          0.00000222
     116250.00000000          0.00000221
     116325.00000000          0.00000220
     116400.00000000          0.00000219
     116475.00000000          0.00000218
     116550.00000000          0.00000217
     116625.00000000          0.00000216
     116700.00000000          0.00000215
     116775.00000000          0.00000215
     116850.00000000          0.00000214
     116925.00000000          0.00000213
     117000.00000000          0.00000212
     117075.00000000          0.00000211
     117150.00000000          0.00000210
     117225.00000000          0.00000209
     117300.00000000          0.00000208
     117375.00000000          0.00000207
     117450.00000000          0.00000206
     117525.00000000          0.00000205
     117600.00000000          0.00000205
     117675.00000000          0.00000204
     117750.00000000          0.00000203
     117825.00000000          0.00000202
     117900.00000000          0.00000201
     117975.00000000          0.00000200
     118050.00000000          0.00000200
     118125.00000000          0.00000199
     118200.00000000          0.00000197
     118275.00000000          0.00000197
     118350.00000000          0.00000196
     118425.00000000          0.00000195
     118500.00000000          0.00000194
     118575.00000000          0.00000193
     118650.00000000          0.00000192
     118725.00000000          0.00000191
     118800.00000000          0.00000191
     118875.00000000          0.00000190
     118950.00000000          0.00000189
     119025.00000000          0.00000188
     119100.00000000          0.00000187
     119175.00000000          0.00000186
     119250.00000000          0.00000185
     119325.00000000          0.00000184
     119400.00000000          0.00000183
     119475.00000000          0.00000183
     119550.00000000          0.00000182
     119625.00000000          0.00000181
     119700.00000000          0.00000180
     119775.00000000          0.00000179
     119850.00000000          0.00000178
     119925.00000000          0.00000177
     120000.00000000          0.00000176
     120075.00000000          0.00000175
     120150.00000000          0.00000175
     120225.00000000          0.00000174
     120300.00000000          0.00000173
     120375.00000000          0.00000172
     120450.00000000          0.00000171
     120525.00000000          0.00000171
     120600.00000000          0.00000170
     120675.00000000          0.00000169
     120750.00000000          0.00000168
     120825.00000000          0.00000168
     120900.00000000          0.00000167
     120975.00000000          0.00000166
     121050.00000000          0.00000165
     121125.00000000          0.00000164
     121200.00000000          0.00000163
     121275.00000000          0.00000163
     121350.00000000          0.00000162
     121425.00000000          0.00000161
     121500.00000000          0.00000160
     121575.00000000          0.00000159
     121650.00000000          0.00000159
     121725.00000000          0.00000158
     121800.00000000          0.00000157
     121875.00000000          0.00000156
     121950.00000000          0.00000156
     122025.00000000          0.00000155
     122100.00000000          0.00000154
     122175.00000000          0.00000153
     122250.00000000          0.00000153
     122325.00000000          0.00000151
     122400.00000000          0.00000150
     122475.00000000          0.00000150
     122550.00000000          0.00000149
     122625.00000000          0.00000148
     122700.00000000          0.00000148
     122775.00000000          0.00000147
     122850.00000000          0.00000146
     122925.00000000          0.00000145
     123000.00000000          0.00000144
     123075.00000000          0.00000144
     123150.00000000          0.00000143
     123225.00000000          0.00000142
     123300.00000000          0.00000141
     123375.00000000          0.00000140
     123450.00000000          0.00000140
     123525.00000000          0.00000139
     123600.00000000          0.00000138
     123675.00000000          0.00000137
     123750.00000000          0.00000137
     123825.00000000          0.00000136
     123900.00000000          0.00000135
     123975.00000000          0.00000135
     124050.00000000          0.00000134
     124125.00000000          0.00000133
     124200.00000000          0.00000132
     124275.00000000          0.00000132
     124350.00000000          0.00000131
     124425.00000000          0.00000130
     124500.00000000          0.00000130
     124575.00000000          0.00000129
     124650.00000000          0.00000128
     124725.00000000          0.00000127
     124800.00000000          0.00000127
     124875.00000000          0.00000126
     124950.00000000          0.00000125
     125025.00000000          0.00000124
     125100.00000000          0.00000124
     125175.00000000          0.00000123
     125250.00000000          0.00000122
     125325.00000000          0.00000121
     125400.00000000          0.00000121
     125475.00000000          0.00000120
     125550.00000000          0.00000119
     125625.00000000          0.00000119
     125700.00000000          0.00000118
     125775.00000000          0.00000117
     125850.00000000          0.00000117
     125925.00000000          0.00000116
     126000.00000000          0.00000115
     126075.00000000          0.00000114
     126150.00000000          0.00000114
     126225.00000000          0.00000113
     126300.00000000          0.00000112
     126375.00000000          0.00000112
     126450.00000000          0.00000111
     126525.00000000          0.00000110
     126600.00000000          0.00000110
     126675.00000000          0.00000109
     126750.00000000          0.00000108
     126825.00000000          0.00000108
     126900.00000000          0.00000107
     126975.00000000          0.00000107
     127050.00000000          0.00000106
     127125.00000000          0.00000105
     127200.00000000          0.00000104
     127275.00000000          0.00000104
     127350.00000000          0.00000103
     127425.00000000          0.00000103
     127500.00000000          0.00000102
     127575.00000000          0.00000101
     127650.00000000          0.00000101
     127725.00000000          0.00000100
     127800.00000000          0.00000099
     127875.00000000          0.00000099
     127950.00000000          0.00000098
     128025.00000000          0.00000097
     128100.00000000          0.00000097
     128175.00000000          0.00000096
     128250.00000000          0.00000095
     128325.00000000          0.00000095
     128400.00000000          0.00000094
     128475.00000000          0.00000094
     128550.00000000          0.00000093
     128625.00000000          0.00000092
     128700.00000000          0.00000092
     128775.00000000          0.00000091
     128850.00000000          0.00000090
     128925.00000000          0.00000090
     129000.00000000          0.00000089
     129075.00000000          0.00000089
     129150.00000000          0.00000088
     129225.00000000          0.00000087
     129300.00000000          0.00000087
     129375.00000000          0.00000086
     129450.00000000          0.00000086
     129525.00000000          0.00000085
     129600.00000000          0.00000084
     129675.00000000          0.00000084
     129750.00000000          0.00000083
     129825.00000000          0.00000083
     129900.00000000          0.00000082
     129975.00000000          0.00000081
     130050.00000000          0.00000081
     130125.00000000          0.00000080
     130200.00000000          0.00000080
     130275.00000000          0.00000079
     130350.00000000          0.00000079
     130425.00000000          0.00000078
     130500.00000000          0.00000077
     130575.00000000          0.00000077
     130650.00000000          0.00000076
     130725.00000000          0.00000076
     130800.00000000          0.00000075
     130875.00000000          0.00000075
     130950.00000000          0.00000074
     131025.00000000          0.00000074
     131100.00000000          0.00000073
     131175.00000000          0.00000073
     131250.00000000          0.00000072
     131325.00000000          0.00000071
     131400.00000000          0.00000071
     131475.00000000          0.00000070
     131550.00000000          0.00000070
     131625.00000000          0.00000069
     131700.00000000          0.00000069
     131775.00000000          0.00000068
     131850.00000000          0.00000068
     131925.00000000          0.00000067
     132000.00000000          0.00000067
     132075.00000000          0.00000066
     132150.00000000          0.00000066
     132225.00000000          0.00000065
     132300.00000000          0.00000064
     132375.00000000          0.00000064
     132450.00000000          0.00000063
     132525.00000000          0.00000063
     132600.00000000          0.00000062
     132675.00000000          0.00000062
     132750.00000000          0.00000061
     132825.00000000          0.00000061
     132900.00000000          0.00000060
     132975.00000000          0.00000060
     133050.00000000          0.00000059
     133125.00000000          0.00000059
     133200.00000000          0.00000058
     133275.00000000          0.00000058
     133350.00000000          0.00000057
     133425.00000000          0.00000057
     133500.00000000          0.00000056
     133575.00000000          0.00000056
     133650.00000000          0.00000055
     133725.00000000          0.00000055
     133800.00000000          0.00000054
     133875.00000000          0.00000054
     133950.00000000          0.00000053
     134025.00000000          0.00000053
     134100.00000000          0.00000053
     134175.00000000          0.00000052
     134250.00000000          0.00000052
     134325.00000000          0.00000051
     134400.00000000          0.00000051
     134475.00000000          0.00000050
     134550.00000000          0.00000050
     134625.00000000          0.00000049
     134700.00000000          0.00000049
     134775.00000000          0.00000049
     134850.00000000          0.00000048
     134925.00000000          0.00000048
     135000.00000000          0.00000047
     135075.00000000          0.00000047
     135150.00000000          0.00000046
     135225.00000000          0.00000046
     135300.00000000          0.00000045
     135375.00000000          0.00000045
     135450.00000000          0.00000045
     135525.00000000          0.00000044
     135600.00000000          0.00000044
     135675.00000000          0.00000043
     135750.00000000          0.00000043
     135825.00000000          0.00000042
     135900.00000000          0.00000042
     135975.00000000          0.00000041
     136050.00000000          0.00000041
     136125.00000000          0.00000041
     136200.00000000          0.00000040
     136275.00000000          0.00000040
     136350.00000000          0.00000040
     136425.00000000          0.00000039
     136500.00000000          0.00000039
     136575.00000000          0.00000038
     136650.00000000          0.00000038
     136725.00000000          0.00000038
     136800.00000000          0.00000037
     136875.00000000          0.00000037
     136950.00000000          0.00000036
     137025.00000000          0.00000036
     137100.00000000          0.00000036
     137175.00000000          0.00000035
     137250.00000000          0.00000035
     137325.00000000          0.00000035
     137400.00000000          0.00000034
     137475.00000000          0.00000034
     137550.00000000          0.00000033
     137625.00000000          0.00000033
     137700.00000000          0.00000033
     137775.00000000          0.00000032
     137850.00000000          0.00000032
     137925.00000000          0.00000032
     138000.00000000          0.00000031
     138075.00000000          0.00000031
     138150.00000000          0.00000031
     138225.00000000          0.00000030
     138300.00000000          0.00000030
     138375.00000000          0.00000030
     138450.00000000          0.00000029
     138525.00000000          0.00000029
     138600.00000000          0.00000028
     138675.00000000          0.00000028
     138750.00000000          0.00000028
     138825.00000000          0.00000028
     138900.00000000          0.00000027
     138975.00000000          0.00000027
     139050.00000000          0.00000027
     139125.00000000          0.00000026
     139200.00000000          0.00000026
     139275.00000000          0.00000025
     139350.00000000          0.00000025
     139425.00000000          0.00000025
     139500.00000000          0.00000025
     139575.00000000          0.00000024
     139650.00000000          0.00000024
     139725.00000000          0.00000024
     139800.00000000          0.00000023
     139875.00000000          0.00000023
     139950.00000000          0.00000023
     140025.00000000          0.00000023
     140100.00000000          0.00000022
     140175.00000000          0.00000022
     140250.00000000          0.00000022
     140325.00000000          0.00000021
     140400.00000000          0.00000021
     140475.00000000          0.00000021
     140550.00000000          0.00000021
     140625.00000000          0.00000020
     140700.00000000          0.00000020
     140775.00000000          0.00000020
     140850.00000000          0.00000019
     140925.00000000          0.00000019
     141000.00000000          0.00000019
     141075.00000000          0.00000019
     141150.00000000          0.00000018
     141225.00000000          0.00000018
     141300.00000000          0.00000018
     141375.00000000          0.00000018
     141450.00000000          0.00000017
     141525.00000000          0.00000017
     141600.00000000          0.00000017
     141675.00000000          0.00000016
     141750.00000000          0.00000016
     141825.00000000          0.00000016
     141900.00000000          0.00000016
     141975.00000000          0.00000016
     142050.00000000          0.00000015
     142125.00000000          0.00000015
     142200.00000000          0.00000015
     142275.00000000          0.00000015
     142350.00000000          0.00000014
     142425.00000000          0.00000014
     142500.00000000          0.00000014
     142575.00000000          0.00000014
     142650.00000000          0.00000013
     142725.00000000          0.00000013
     142800.00000000          0.00000013
     142875.00000000          0.00000013
     142950.00000000          0.00000013
     143025.00000000          0.00000012
     143100.00000000          0.00000012
     143175.00000000          0.00000012
     143250.00000000          0.00000012
     143325.00000000          0.00000012
     143400.00000000          0.00000011
     143475.00000000          0.00000011
     143550.00000000          0.00000011
     143625.00000000          0.00000011
     143700.00000000          0.00000011
     143775.00000000          0.00000010
     143850.00000000          0.00000010
     143925.00000000          0.00000010
     144000.00000000          0.00000010
     144075.00000000          0.00000010
     144150.00000000          0.00000010
     144225.00000000          0.00000009
     144300.00000000          0.00000009
     144375.00000000          0.00000009
     144450.00000000          0.00000009
     144525.00000000          0.00000009
     144600.00000000          0.00000009
     144675.00000000          0.00000008
     144750.00000000          0.00000008
     144825.00000000          0.00000008
     144900.00000000          0.00000008
     144975.00000000          0.00000008
     145050.00000000          0.00000008
     145125.00000000          0.00000008
     145200.00000000          0.00000007
     145275.00000000          0.00000007
     145350.00000000          0.00000007
     145425.00000000          0.00000007
     145500.00000000          0.00000007
     145575.00000000          0.00000007
     145650.00000000          0.00000007
     145725.00000000          0.00000006
     145800.00000000          0.00000006
     145875.00000000          0.00000006
     145950.00000000          0.00000006
     146025.00000000          0.00000006
     146100.00000000          0.00000006
     146175.00000000          0.00000006
     146250.00000000          0.00000006
     146325.00000000          0.00000005
     146400.00000000          0.00000005
     146475.00000000          0.00000005
     146550.00000000          0.00000005
     146625.00000000          0.00000005
     146700.00000000          0.00000005
     146775.00000000          0.00000005
     146850.00000000          0.00000005
     146925.00000000          0.00000005
     147000.00000000          0.00000005
     147075.00000000          0.00000004
     147150.00000000          0.00000004
     147225.00000000          0.00000004
     147300.00000000          0.00000004
     147375.00000000          0.00000004
     147450.00000000          0.00000004
     147525.00000000          0.00000004
     147600.00000000          0.00000004
     147675.00000000          0.00000004
     147750.00000000          0.00000004
     147825.00000000          0.00000004
     147900.00000000          0.00000004
     147975.00000000          0.00000004
     148050.00000000          0.00000004
     148125.00000000          0.00000003
     148200.00000000          0.00000003
     148275.00000000          0.00000003
     148350.00000000          0.00000003
     148425.00000000          0.00000003
     148500.00000000          0.00000003
     148575.00000000          0.00000003
     148650.00000000          0.00000003
     148725.00000000          0.00000003
     148800.00000000          0.00000003
     148875.00000000          0.00000003
     148950.00000000          0.00000003
     149025.00000000          0.00000003
     149100.00000000          0.00000003
     149175.00000000          0.00000003
     149250.00000000          0.00000003
     149325.00000000          0.00000003
     149400.00000000          0.00000003
     149475.00000000          0.00000003
     149550.00000000          0.00000003
     149625.00000000          0.00000003
     149700.00000000          0.00000003
     149775.00000000          0.00000003
     149850.00000000          0.00000003
     149925.00000000          0.00000003
