          0.00000000          3.97131348
         75.00000000          4.48553181
        150.00000000      14264.87890625
        225.00000000          5.44785261
        300.00000000      55521.98437500
        375.00000000          1.46441233
        450.00000000      13958.84667969
        525.00000000          0.67029285
        600.00000000          2.73003507
        675.00000000          6.99129677
        750.00000000      12106.49121094
        825.00000000          7.20626116
        900.00000000      46336.68359375
        975.00000000          0.16260508
       1050.00000000      11346.92675781
       1125.00000000          0.82283711
       1200.00000000          0.56041610
       1275.00000000          5.36418867
       1350.00000000       8523.41406250
       1425.00000000          4.99838066
       1500.00000000      32257.81835938
       1575.00000000          4.22835350
       1650.00000000       7650.73974609
       1725.00000000          6.65660477
       1800.00000000          0.21988651
       1875.00000000          1.79800224
       1950.00000000       4959.35888672
       2025.00000000          1.48996210
       2100.00000000      18697.85156250
       2175.00000000         11.34479618
       2250.00000000       4261.57763672
       2325.00000000         14.57206821
       2400.00000000          2.57992864
       2475.00000000          0.04329822
       2550.00000000       2366.24194336
       2625.00000000          0.04377892
       2700.00000000       8989.68554688
       2775.00000000         17.01052475
       2850.00000000       1944.09655762
       2925.00000000         19.74464417
       3000.00000000          6.10238981
       3075.00000000          1.29074752
       3150.00000000        910.51025391
       3225.00000000          1.38056719
       3300.00000000       3556.58862305
       3375.00000000         18.73745155
       3450.00000000        712.69067383
       3525.00000000         20.33540916
       3600.00000000          8.77462006
       3675.00000000          4.00149107
       3750.00000000        271.76879883
       3825.00000000          3.92431736
       3900.00000000       1137.48986816
       3975.00000000         17.10445404
       4050.00000000        200.53643799
       4125.00000000         17.68501472
       4200.00000000          9.75417042
       4275.00000000          6.25688744
       4350.00000000         56.50801849
       4425.00000000          5.97641373
       4500.00000000        281.41607666
       4575.00000000         14.03556728
       4650.00000000         37.91475296
       4725.00000000         14.03234673
       4800.00000000          9.38942051
       4875.00000000          7.28137922
       4950.00000000          5.37748718
       5025.00000000          6.91142368
       5100.00000000         47.22685242
       5175.00000000         11.05299187
       5250.00000000          2.70503068
       5325.00000000         10.83353233
       5400.00000000          8.41716194
       5475.00000000          7.30395508
       5550.00000000          0.35460913
       5625.00000000          6.95884132
       5700.00000000          3.00817037
       5775.00000000          8.78322124
       5850.00000000          0.70360291
       5925.00000000          8.54133415
       6000.00000000          7.38505888
       6075.00000000          6.84359074
       6150.00000000          2.86263585
       6225.00000000          6.57530880
       6300.00000000          0.79465193
       6375.00000000          7.25554323
       6450.00000000          3.19514966
       6525.00000000          7.05890036
       6600.00000000          6.53489685
       6675.00000000          6.28011513
       6750.00000000          4.60513878
       6825.00000000          6.09078932
       6900.00000000          3.28318048
       6975.00000000          6.28430271
       7050.00000000          4.65049458
       7125.00000000          6.14110470
       7200.00000000          5.90889263
       7275.00000000          5.78630686
       7350.00000000          5.17105293
       7425.00000000          5.65788651
       7500.00000000          4.60443783
       7575.00000000          5.67379475
       7650.00000000          5.08642960
       7725.00000000          5.57323742
       7800.00000000          5.46779299
       7875.00000000          5.40388823
       7950.00000000          5.18834686
       8025.00000000          5.31652689
       8100.00000000          4.96226263
       8175.00000000          5.28088474
       8250.00000000          5.07866049
       8325.00000000          5.20990753
       8400.00000000          5.15753651
       8475.00000000          5.11996222
       8550.00000000          5.04036617
       8625.00000000          5.05870962
       8700.00000000          4.94101477
       8775.00000000          5.01571083
       8850.00000000          4.94250727
       8925.00000000          4.96418047
       9000.00000000          4.93415594
       9075.00000000          4.90915632
       9150.00000000          4.87380695
       9225.00000000          4.86433315
       9300.00000000          4.82007694
       9375.00000000          4.82634354
       9450.00000000          4.79442167
       9525.00000000          4.78749466
       9600.00000000          4.76746893
       9675.00000000          4.74920034
       9750.00000000          4.72880793
       9825.00000000          4.71496058
       9900.00000000          4.69313002
       9975.00000000          4.68370247
      10050.00000000          4.66540766
      10125.00000000          4.65337467
      10200.00000000          4.63845587
      10275.00000000          4.62424469
      10350.00000000          4.60984421
      10425.00000000          4.59706926
      10500.00000000          4.58284616
      10575.00000000          4.57156467
      10650.00000000          4.55858278
      10725.00000000          4.54712534
      10800.00000000          4.53528070
      10875.00000000          4.52376270
      10950.00000000          4.51247692
      11025.00000000          4.50161552
      11100.00000000          4.49071407
      11175.00000000          4.48052549
      11250.00000000          4.47020960
      11325.00000000          4.46036339
      11400.00000000          4.45053005
      11475.00000000          4.44100952
      11550.00000000          4.43161440
      11625.00000000          4.42249060
      11700.00000000          4.41346836
      11775.00000000          4.40475273
      11850.00000000          4.39611435
      11925.00000000          4.38773060
      12000.00000000          4.37943840
      12075.00000000          4.37132215
      12150.00000000          4.36338091
      12225.00000000          4.35556412
      12300.00000000          4.34790516
      12375.00000000          4.34041214
      12450.00000000          4.33301783
      12525.00000000          4.32576704
      12600.00000000          4.31863213
      12675.00000000          4.31164932
      12750.00000000          4.30477428
      12825.00000000          4.29800797
      12900.00000000          4.29136229
      12975.00000000          4.28483677
      13050.00000000          4.27840662
      13125.00000000          4.27206707
      13200.00000000          4.26584339
      13275.00000000          4.25971508
      13350.00000000          4.25369263
      13425.00000000          4.24774075
      13500.00000000          4.24192333
      13575.00000000          4.23612976
      13650.00000000          4.23046970
      13725.00000000          4.22487974
      13800.00000000          4.21936941
      13875.00000000          4.21391058
      13950.00000000          4.20857716
      14025.00000000          4.20329762
      14100.00000000          4.19809055
      14175.00000000          4.19294214
      14250.00000000          4.18784046
      14325.00000000          4.18287086
      14400.00000000          4.17791080
      14475.00000000          4.17305756
      14550.00000000          4.16823101
      14625.00000000          4.16346407
      14700.00000000          4.15875626
      14775.00000000          4.15413284
      14850.00000000          4.14956331
      14925.00000000          4.14504194
      15000.00000000          4.14056015
      15075.00000000          4.13614655
      15150.00000000          4.13177252
      15225.00000000          4.12744427
      15300.00000000          4.12316942
      15375.00000000          4.11895180
      15450.00000000          4.11474895
      15525.00000000          4.11061287
      15600.00000000          4.10650206
      15675.00000000          4.10246229
      15750.00000000          4.09846973
      15825.00000000          4.09447050
      15900.00000000          4.09054852
      15975.00000000          4.08663845
      16050.00000000          4.08280563
      16125.00000000          4.07896709
      16200.00000000          4.07519817
      16275.00000000          4.07143688
      16350.00000000          4.06773281
      16425.00000000          4.06404591
      16500.00000000          4.06039810
      16575.00000000          4.05680037
      16650.00000000          4.05320644
      16725.00000000          4.04967976
      16800.00000000          4.04614592
      16875.00000000          4.04265451
      16950.00000000          4.03917980
      17025.00000000          4.03574896
      17100.00000000          4.03234768
      17175.00000000          4.02895308
      17250.00000000          4.02561378
      17325.00000000          4.02227926
      17400.00000000          4.01896000
      17475.00000000          4.01569653
      17550.00000000          4.01242685
      17625.00000000          4.00921154
      17700.00000000          4.00599241
      17775.00000000          4.00278568
      17850.00000000          3.99965572
      17925.00000000          3.99647975
      18000.00000000          3.99336243
      18075.00000000          3.99024820
      18150.00000000          3.98718071
      18225.00000000          3.98412991
      18300.00000000          3.98106909
      18375.00000000          3.97802162
      18450.00000000          3.97503471
      18525.00000000          3.97204018
      18600.00000000          3.96906924
      18675.00000000          3.96611333
      18750.00000000          3.96318245
      18825.00000000          3.96023941
      18900.00000000          3.95733976
      18975.00000000          3.95445418
      19050.00000000          3.95156527
      19125.00000000          3.94871521
      19200.00000000          3.94587946
      19275.00000000          3.94303846
      19350.00000000          3.94023561
      19425.00000000          3.93742251
      19500.00000000          3.93463612
      19575.00000000          3.93186522
      19650.00000000          3.92909670
      19725.00000000          3.92635202
      19800.00000000          3.92359424
      19875.00000000          3.92090130
      19950.00000000          3.91816664
      20025.00000000          3.91546416
      20100.00000000          3.91276789
      20175.00000000          3.91010070
      20250.00000000          3.90744162
      20325.00000000          3.90473843
      20400.00000000          3.90211630
      20475.00000000          3.89947963
      20550.00000000          3.89684963
      20625.00000000          3.89423442
      20700.00000000          3.89163256
      20775.00000000          3.88903522
      20850.00000000          3.88642979
      20925.00000000          3.88385487
      21000.00000000          3.88127899
      21075.00000000          3.87872386
      21150.00000000          3.87615085
      21225.00000000          3.87360191
      21300.00000000          3.87105489
      21375.00000000          3.86854696
      21450.00000000          3.86600995
      21525.00000000          3.86349583
      21600.00000000          3.86100101
      21675.00000000          3.85849762
      21750.00000000          3.85598874
      21825.00000000          3.85349369
      21900.00000000          3.85101366
      21975.00000000          3.84852123
      22050.00000000          3.84606147
      22125.00000000          3.84360051
      22200.00000000          3.84113312
      22275.00000000          3.83870411
      22350.00000000          3.83625150
      22425.00000000          3.83379745
      22500.00000000          3.83138418
      22575.00000000          3.82892871
      22650.00000000          3.82651043
      22725.00000000          3.82409573
      22800.00000000          3.82166052
      22875.00000000          3.81925774
      22950.00000000          3.81685972
      23025.00000000          3.81446075
      23100.00000000          3.81205845
      23175.00000000          3.80966973
      23250.00000000          3.80728221
      23325.00000000          3.80491424
      23400.00000000          3.80252981
      23475.00000000          3.80013537
      23550.00000000          3.79776978
      23625.00000000          3.79541063
      23700.00000000          3.79304171
      23775.00000000          3.79066992
      23850.00000000          3.78832865
      23925.00000000          3.78596497
      24000.00000000          3.78362083
      24075.00000000          3.78127432
      24150.00000000          3.77892494
      24225.00000000          3.77658176
      24300.00000000          3.77424765
      24375.00000000          3.77190351
      24450.00000000          3.76957226
      24525.00000000          3.76723146
      24600.00000000          3.76491642
      24675.00000000          3.76258135
      24750.00000000          3.76026130
      24825.00000000          3.75794315
      24900.00000000          3.75562477
      24975.00000000          3.75331211
      25050.00000000          3.75099564
      25125.00000000          3.74867964
      25200.00000000          3.74636507
      25275.00000000          3.74404764
      25350.00000000          3.74174857
      25425.00000000          3.73943806
      25500.00000000          3.73713684
      25575.00000000          3.73483610
      25650.00000000          3.73253155
      25725.00000000          3.73024082
      25800.00000000          3.72794056
      25875.00000000          3.72564363
      25950.00000000          3.72334456
      26025.00000000          3.72105122
      26100.00000000          3.71876454
      26175.00000000          3.71646547
      26250.00000000          3.71417260
      26325.00000000          3.71188498
      26400.00000000          3.70959902
      26475.00000000          3.70730114
      26550.00000000          3.70501423
      26625.00000000          3.70273304
      26700.00000000          3.70044374
      26775.00000000          3.69816303
      26850.00000000          3.69587088
      26925.00000000          3.69359112
      27000.00000000          3.69130421
      27075.00000000          3.68903112
      27150.00000000          3.68675137
      27225.00000000          3.68446231
      27300.00000000          3.68217540
      27375.00000000          3.67990208
      27450.00000000          3.67761016
      27525.00000000          3.67534113
      27600.00000000          3.67305517
      27675.00000000          3.67077541
      27750.00000000          3.66848993
      27825.00000000          3.66621184
      27900.00000000          3.66393185
      27975.00000000          3.66165113
      28050.00000000          3.65936995
      28125.00000000          3.65708899
      28200.00000000          3.65480042
      28275.00000000          3.65253401
      28350.00000000          3.65024900
      28425.00000000          3.64795923
      28500.00000000          3.64568758
      28575.00000000          3.64339280
      28650.00000000          3.64112496
      28725.00000000          3.63882375
      28800.00000000          3.63655233
      28875.00000000          3.63426495
      28950.00000000          3.63197613
      29025.00000000          3.62969160
      29100.00000000          3.62741685
      29175.00000000          3.62512732
      29250.00000000          3.62283516
      29325.00000000          3.62056017
      29400.00000000          3.61826277
      29475.00000000          3.61597967
      29550.00000000          3.61368275
      29625.00000000          3.61139560
      29700.00000000          3.60910797
      29775.00000000          3.60681701
      29850.00000000          3.60452366
      29925.00000000          3.60223293
      30000.00000000          3.59993744
      30075.00000000          3.59763908
      30150.00000000          3.59534788
      30225.00000000          3.59305143
      30300.00000000          3.59075165
      30375.00000000          3.58845711
      30450.00000000          3.58614874
      30525.00000000          3.58384442
      30600.00000000          3.58154750
      30675.00000000          3.57923603
      30750.00000000          3.57693434
      30825.00000000          3.57463503
      30900.00000000          3.57233334
      30975.00000000          3.57002544
      31050.00000000          3.56770992
      31125.00000000          3.56539536
      31200.00000000          3.56308913
      31275.00000000          3.56077623
      31350.00000000          3.55846095
      31425.00000000          3.55614614
      31500.00000000          3.55382466
      31575.00000000          3.55151081
      31650.00000000          3.54919529
      31725.00000000          3.54686165
      31800.00000000          3.54455209
      31875.00000000          3.54222679
      31950.00000000          3.53989935
      32025.00000000          3.53756857
      32100.00000000          3.53524590
      32175.00000000          3.53291631
      32250.00000000          3.53058004
      32325.00000000          3.52826762
      32400.00000000          3.52592611
      32475.00000000          3.52358103
      32550.00000000          3.52125549
      32625.00000000          3.51891470
      32700.00000000          3.51657104
      32775.00000000          3.51422715
      32850.00000000          3.51188016
      32925.00000000          3.50954771
      33000.00000000          3.50719953
      33075.00000000          3.50485659
      33150.00000000          3.50250435
      33225.00000000          3.50015140
      33300.00000000          3.49779940
      33375.00000000          3.49544001
      33450.00000000          3.49309134
      33525.00000000          3.49073172
      33600.00000000          3.48837137
      33675.00000000          3.48601294
      33750.00000000          3.48365021
      33825.00000000          3.48128653
      33900.00000000          3.47892189
      33975.00000000          3.47654390
      34050.00000000          3.47418308
      34125.00000000          3.47180414
      34200.00000000          3.46942806
      34275.00000000          3.46705723
      34350.00000000          3.46467805
      34425.00000000          3.46230197
      34500.00000000          3.45991707
      34575.00000000          3.45753479
      34650.00000000          3.45514894
      34725.00000000          3.45275927
      34800.00000000          3.45037556
      34875.00000000          3.44798470
      34950.00000000          3.44559097
      35025.00000000          3.44319773
      35100.00000000          3.44080305
      35175.00000000          3.43840647
      35250.00000000          3.43600750
      35325.00000000          3.43360162
      35400.00000000          3.43119788
      35475.00000000          3.42878985
      35550.00000000          3.42638254
      35625.00000000          3.42397738
      35700.00000000          3.42156672
      35775.00000000          3.41915774
      35850.00000000          3.41673875
      35925.00000000          3.41431856
      36000.00000000          3.41189861
      36075.00000000          3.40948510
      36150.00000000          3.40705276
      36225.00000000          3.40463233
      36300.00000000          3.40220594
      36375.00000000          3.39977789
      36450.00000000          3.39734149
      36525.00000000          3.39490676
      36600.00000000          3.39247608
      36675.00000000          3.39002919
      36750.00000000          3.38759208
      36825.00000000          3.38515043
      36900.00000000          3.38270664
      36975.00000000          3.38026428
      37050.00000000          3.37781525
      37125.00000000          3.37536812
      37200.00000000          3.37291670
      37275.00000000          3.37045312
      37350.00000000          3.36799955
      37425.00000000          3.36554241
      37500.00000000          3.36307812
      37575.00000000          3.36062455
      37650.00000000          3.35815954
      37725.00000000          3.35568285
      37800.00000000          3.35321641
      37875.00000000          3.35074806
      37950.00000000          3.34827089
      38025.00000000          3.34580350
      38100.00000000          3.34331989
      38175.00000000          3.34084368
      38250.00000000          3.33836269
      38325.00000000          3.33587241
      38400.00000000          3.33338928
      38475.00000000          3.33089995
      38550.00000000          3.32841396
      38625.00000000          3.32592392
      38700.00000000          3.32342148
      38775.00000000          3.32093406
      38850.00000000          3.31843138
      38925.00000000          3.31593657
      39000.00000000          3.31342363
      39075.00000000          3.31091380
      39150.00000000          3.30841517
      39225.00000000          3.30590606
      39300.00000000          3.30339170
      39375.00000000          3.30087733
      39450.00000000          3.29836345
      39525.00000000          3.29585290
      39600.00000000          3.29332185
      39675.00000000          3.29080582
      39750.00000000          3.28827596
      39825.00000000          3.28575397
      39900.00000000          3.28322864
      39975.00000000          3.28069377
      40050.00000000          3.27816224
      40125.00000000          3.27562666
      40200.00000000          3.27309179
      40275.00000000          3.27055073
      40350.00000000          3.26801133
      40425.00000000          3.26546288
      40500.00000000          3.26292729
      40575.00000000          3.26036620
      40650.00000000          3.25782180
      40725.00000000          3.25526762
      40800.00000000          3.25271392
      40875.00000000          3.25015593
      40950.00000000          3.24760175
      41025.00000000          3.24503803
      41100.00000000          3.24247265
      41175.00000000          3.23990607
      41250.00000000          3.23734021
      41325.00000000          3.23476791
      41400.00000000          3.23219848
      41475.00000000          3.22962403
      41550.00000000          3.22703886
      41625.00000000          3.22446418
      41700.00000000          3.22188377
      41775.00000000          3.21930265
      41850.00000000          3.21672034
      41925.00000000          3.21412921
      42000.00000000          3.21153927
      42075.00000000          3.20894217
      42150.00000000          3.20635152
      42225.00000000          3.20376158
      42300.00000000          3.20115423
      42375.00000000          3.19855857
      42450.00000000          3.19595790
      42525.00000000          3.19335175
      42600.00000000          3.19074130
      42675.00000000          3.18812966
      42750.00000000          3.18552256
      42825.00000000          3.18290997
      42900.00000000          3.18029547
      42975.00000000          3.17767811
      43050.00000000          3.17506313
      43125.00000000          3.17243433
      43200.00000000          3.16981125
      43275.00000000          3.16718483
      43350.00000000          3.16455412
      43425.00000000          3.16192102
      43500.00000000          3.15929198
      43575.00000000          3.15665221
      43650.00000000          3.15402317
      43725.00000000          3.15138245
      43800.00000000          3.14874458
      43875.00000000          3.14609647
      43950.00000000          3.14345217
      44025.00000000          3.14080596
      44100.00000000          3.13815427
      44175.00000000          3.13549614
      44250.00000000          3.13284850
      44325.00000000          3.13019586
      44400.00000000          3.12753439
      44475.00000000          3.12487555
      44550.00000000          3.12221146
      44625.00000000          3.11954880
      44700.00000000          3.11687803
      44775.00000000          3.11420608
      44850.00000000          3.11154056
      44925.00000000          3.10886765
      45000.00000000          3.10618901
      45075.00000000          3.10351992
      45150.00000000          3.10083103
      45225.00000000          3.09816241
      45300.00000000          3.09546828
      45375.00000000          3.09278297
      45450.00000000          3.09009433
      45525.00000000          3.08740807
      45600.00000000          3.08471370
      45675.00000000          3.08202052
      45750.00000000          3.07932448
      45825.00000000          3.07663012
      45900.00000000          3.07392287
      45975.00000000          3.07122135
      46050.00000000          3.06852484
      46125.00000000          3.06581616
      46200.00000000          3.06310320
      46275.00000000          3.06039882
      46350.00000000          3.05768776
      46425.00000000          3.05497193
      46500.00000000          3.05226207
      46575.00000000          3.04952884
      46650.00000000          3.04681897
      46725.00000000          3.04409409
      46800.00000000          3.04136920
      46875.00000000          3.03864264
      46950.00000000          3.03591347
      47025.00000000          3.03318262
      47100.00000000          3.03044772
      47175.00000000          3.02771950
      47250.00000000          3.02498627
      47325.00000000          3.02224278
      47400.00000000          3.01950145
      47475.00000000          3.01676226
      47550.00000000          3.01401448
      47625.00000000          3.01127052
      47700.00000000          3.00852084
      47775.00000000          3.00576496
      47850.00000000          3.00302148
      47925.00000000          3.00026917
      48000.00000000          2.99750328
      48075.00000000          2.99474621
      48150.00000000          2.99198079
      48225.00000000          2.98922372
      48300.00000000          2.98645830
      48375.00000000          2.98368740
      48450.00000000          2.98092556
      48525.00000000          2.97815609
      48600.00000000          2.97538066
      48675.00000000          2.97260737
      48750.00000000          2.96983004
      48825.00000000          2.96705985
      48900.00000000          2.96427560
      48975.00000000          2.96149230
      49050.00000000          2.95871592
      49125.00000000          2.95592451
      49200.00000000          2.95313334
      49275.00000000          2.95034480
      49350.00000000          2.94756103
      49425.00000000          2.94476748
      49500.00000000          2.94197154
      49575.00000000          2.93916655
      49650.00000000          2.93638301
      49725.00000000          2.93357992
      49800.00000000          2.93076754
      49875.00000000          2.92797160
      49950.00000000          2.92515516
      50025.00000000          2.92235017
      50100.00000000          2.91954803
      50175.00000000          2.91673613
      50250.00000000          2.91392183
      50325.00000000          2.91110682
      50400.00000000          2.90828419
      50475.00000000          2.90546846
      50550.00000000          2.90264821
      50625.00000000          2.89982629
      50700.00000000          2.89700437
      50775.00000000          2.89417601
      50850.00000000          2.89135194
      50925.00000000          2.88851595
      51000.00000000          2.88568950
      51075.00000000          2.88285565
      51150.00000000          2.88002181
      51225.00000000          2.87718225
      51300.00000000          2.87434506
      51375.00000000          2.87150407
      51450.00000000          2.86866069
      51525.00000000          2.86581707
      51600.00000000          2.86296988
      51675.00000000          2.86012745
      51750.00000000          2.85727143
      51825.00000000          2.85441828
      51900.00000000          2.85157895
      51975.00000000          2.84871864
      52050.00000000          2.84586596
      52125.00000000          2.84300137
      52200.00000000          2.84014583
      52275.00000000          2.83728099
      52350.00000000          2.83442187
      52425.00000000          2.83155203
      52500.00000000          2.82868671
      52575.00000000          2.82582116
      52650.00000000          2.82295275
      52725.00000000          2.82007766
      52800.00000000          2.81720734
      52875.00000000          2.81433368
      52950.00000000          2.81145644
      53025.00000000          2.80858040
      53100.00000000          2.80570197
      53175.00000000          2.80282021
      53250.00000000          2.79993296
      53325.00000000          2.79704952
      53400.00000000          2.79416132
      53475.00000000          2.79127622
      53550.00000000          2.78839040
      53625.00000000          2.78549480
      53700.00000000          2.78260517
      53775.00000000          2.77971125
      53850.00000000          2.77680969
      53925.00000000          2.77391577
      54000.00000000          2.77101660
      54075.00000000          2.76811838
      54150.00000000          2.76521420
      54225.00000000          2.76230216
      54300.00000000          2.75941014
      54375.00000000          2.75649834
      54450.00000000          2.75359130
      54525.00000000          2.75068665
      54600.00000000          2.74777508
      54675.00000000          2.74486017
      54750.00000000          2.74194598
      54825.00000000          2.73903108
      54900.00000000          2.73611069
      54975.00000000          2.73318911
      55050.00000000          2.73027158
      55125.00000000          2.72735047
      55200.00000000          2.72443151
      55275.00000000          2.72150040
      55350.00000000          2.71857142
      55425.00000000          2.71564603
      55500.00000000          2.71271825
      55575.00000000          2.70979023
      55650.00000000          2.70685649
      55725.00000000          2.70391750
      55800.00000000          2.70098233
      55875.00000000          2.69804668
      55950.00000000          2.69511366
      56025.00000000          2.69217157
      56100.00000000          2.68923163
      56175.00000000          2.68629360
      56250.00000000          2.68333960
      56325.00000000          2.68040204
      56400.00000000          2.67745590
      56475.00000000          2.67449617
      56550.00000000          2.67156529
      56625.00000000          2.66860175
      56700.00000000          2.66565847
      56775.00000000          2.66270018
      56850.00000000          2.65974569
      56925.00000000          2.65679073
      57000.00000000          2.65382457
      57075.00000000          2.65086842
      57150.00000000          2.64791751
      57225.00000000          2.64495802
      57300.00000000          2.64198852
      57375.00000000          2.63903356
      57450.00000000          2.63605595
      57525.00000000          2.63309050
      57600.00000000          2.63012266
      57675.00000000          2.62715483
      57750.00000000          2.62417841
      57825.00000000          2.62121129
      57900.00000000          2.61824322
      57975.00000000          2.61526561
      58050.00000000          2.61228871
      58125.00000000          2.60930395
      58200.00000000          2.60633826
      58275.00000000          2.60334969
      58350.00000000          2.60037184
      58425.00000000          2.59739256
      58500.00000000          2.59440970
      58575.00000000          2.59142756
      58650.00000000          2.58843136
      58725.00000000          2.58545160
      58800.00000000          2.58246064
      58875.00000000          2.57946634
      58950.00000000          2.57648540
      59025.00000000          2.57348585
      59100.00000000          2.57049680
      59175.00000000          2.56750774
      59250.00000000          2.56450701
      59325.00000000          2.56151223
      59400.00000000          2.55851030
      59475.00000000          2.55551553
      59550.00000000          2.55251598
      59625.00000000          2.54952049
      59700.00000000          2.54651141
      59775.00000000          2.54350781
      59850.00000000          2.54050422
      59925.00000000          2.53749847
      60000.00000000          2.53449178
      60075.00000000          2.53148913
      60150.00000000          2.52847624
      60225.00000000          2.52546930
      60300.00000000          2.52245665
      60375.00000000          2.51944613
      60450.00000000          2.51643109
      60525.00000000          2.51341224
      60600.00000000          2.51039910
      60675.00000000          2.50738239
      60750.00000000          2.50437021
      60825.00000000          2.50135303
      60900.00000000          2.49833179
      60975.00000000          2.49530983
      61050.00000000          2.49229431
      61125.00000000          2.48926258
      61200.00000000          2.48624182
      61275.00000000          2.48321939
      61350.00000000          2.48019266
      61425.00000000          2.47716641
      61500.00000000          2.47413826
      61575.00000000          2.47111654
      61650.00000000          2.46808267
      61725.00000000          2.46505237
      61800.00000000          2.46202230
      61875.00000000          2.45899105
      61950.00000000          2.45595360
      62025.00000000          2.45292187
      62100.00000000          2.44988799
      62175.00000000          2.44685411
      62250.00000000          2.44381928
      62325.00000000          2.44077468
      62400.00000000          2.43774080
      62475.00000000          2.43469954
      62550.00000000          2.43166327
      62625.00000000          2.42862058
      62700.00000000          2.42557335
      62775.00000000          2.42253757
      62850.00000000          2.41949105
      62925.00000000          2.41644764
      63000.00000000          2.41340160
      63075.00000000          2.41035604
      63150.00000000          2.40730810
      63225.00000000          2.40426302
      63300.00000000          2.40120959
      63375.00000000          2.39816189
      63450.00000000          2.39511681
      63525.00000000          2.39206219
      63600.00000000          2.38900709
      63675.00000000          2.38595486
      63750.00000000          2.38289690
      63825.00000000          2.37984562
      63900.00000000          2.37679315
      63975.00000000          2.37373590
      64050.00000000          2.37067437
      64125.00000000          2.36762643
      64200.00000000          2.36456847
      64275.00000000          2.36150479
      64350.00000000          2.35844755
      64425.00000000          2.35538769
      64500.00000000          2.35232615
      64575.00000000          2.34926105
      64650.00000000          2.34620166
      64725.00000000          2.34313560
      64800.00000000          2.34007692
      64875.00000000          2.33700395
      64950.00000000          2.33394504
      65025.00000000          2.33087802
      65100.00000000          2.32780695
      65175.00000000          2.32474828
      65250.00000000          2.32167721
      65325.00000000          2.31861019
      65400.00000000          2.31554198
      65475.00000000          2.31247997
      65550.00000000          2.30939841
      65625.00000000          2.30632567
      65700.00000000          2.30325747
      65775.00000000          2.30018592
      65850.00000000          2.29711914
      65925.00000000          2.29404163
      66000.00000000          2.29097438
      66075.00000000          2.28789997
      66150.00000000          2.28482437
      66225.00000000          2.28174639
      66300.00000000          2.27867317
      66375.00000000          2.27559114
      66450.00000000          2.27252173
      66525.00000000          2.26944375
      66600.00000000          2.26636434
      66675.00000000          2.26328635
      66750.00000000          2.26020813
      66825.00000000          2.25712895
      66900.00000000          2.25404787
      66975.00000000          2.25096607
      67050.00000000          2.24788094
      67125.00000000          2.24479675
      67200.00000000          2.24172139
      67275.00000000          2.23863816
      67350.00000000          2.23556089
      67425.00000000          2.23246861
      67500.00000000          2.22938848
      67575.00000000          2.22631145
      67650.00000000          2.22322464
      67725.00000000          2.22014117
      67800.00000000          2.21705580
      67875.00000000          2.21397066
      67950.00000000          2.21088052
      68025.00000000          2.20779610
      68100.00000000          2.20470428
      68175.00000000          2.20161629
      68250.00000000          2.19853234
      68325.00000000          2.19544387
      68400.00000000          2.19235706
      68475.00000000          2.18926835
      68550.00000000          2.18617845
      68625.00000000          2.18309426
      68700.00000000          2.17999625
      68775.00000000          2.17690516
      68850.00000000          2.17381787
      68925.00000000          2.17073250
      69000.00000000          2.16764045
      69075.00000000          2.16454268
      69150.00000000          2.16145587
      69225.00000000          2.15836334
      69300.00000000          2.15527296
      69375.00000000          2.15217853
      69450.00000000          2.14908457
      69525.00000000          2.14599586
      69600.00000000          2.14290404
      69675.00000000          2.13980794
      69750.00000000          2.13671565
      69825.00000000          2.13362098
      69900.00000000          2.13052464
      69975.00000000          2.12743235
      70050.00000000          2.12434268
      70125.00000000          2.12124562
      70200.00000000          2.11814857
      70275.00000000          2.11505175
      70350.00000000          2.11195636
      70425.00000000          2.10886192
      70500.00000000          2.10576773
      70575.00000000          2.10266972
      70650.00000000          2.09957266
      70725.00000000          2.09648037
      70800.00000000          2.09338832
      70875.00000000          2.09029078
      70950.00000000          2.08719468
      71025.00000000          2.08409357
      71100.00000000          2.08100224
      71175.00000000          2.07791138
      71250.00000000          2.07480955
      71325.00000000          2.07171106
      71400.00000000          2.06861877
      71475.00000000          2.06551600
      71550.00000000          2.06242800
      71625.00000000          2.05932808
      71700.00000000          2.05622935
      71775.00000000          2.05313015
      71850.00000000          2.05003715
      71925.00000000          2.04693675
      72000.00000000          2.04384255
      72075.00000000          2.04074240
      72150.00000000          2.03765059
      72225.00000000          2.03454638
      72300.00000000          2.03145647
      72375.00000000          2.02835774
      72450.00000000          2.02526522
      72525.00000000          2.02216625
      72600.00000000          2.01906800
      72675.00000000          2.01597452
      72750.00000000          2.01287317
      72825.00000000          2.00978231
      72900.00000000          2.00668740
      72975.00000000          2.00358200
      73050.00000000          2.00049114
      73125.00000000          1.99739075
      73200.00000000          1.99429989
      73275.00000000          1.99120092
      73350.00000000          1.98810101
      73425.00000000          1.98500872
      73500.00000000          1.98191333
      73575.00000000          1.97881925
      73650.00000000          1.97572720
      73725.00000000          1.97262716
      73800.00000000          1.96953332
      73875.00000000          1.96644068
      73950.00000000          1.96333838
      74025.00000000          1.96024489
      74100.00000000          1.95715857
      74175.00000000          1.95405936
      74250.00000000          1.95096707
      74325.00000000          1.94786978
      74400.00000000          1.94477630
      74475.00000000          1.94168234
      74550.00000000          1.93859458
      74625.00000000          1.93549609
      74700.00000000          1.93240952
      74775.00000000          1.92931366
      74850.00000000          1.92622614
      74925.00000000          1.92312884
      75000.00000000          1.92003632
      75075.00000000          1.91694880
      75150.00000000          1.91385579
      75225.00000000          1.91076314
      75300.00000000          1.90768349
      75375.00000000          1.90458155
      75450.00000000          1.90149641
      75525.00000000          1.89840746
      75600.00000000          1.89531755
      75675.00000000          1.89223099
      75750.00000000          1.88914013
      75825.00000000          1.88604927
      75900.00000000          1.88296473
      75975.00000000          1.87987208
      76050.00000000          1.87678981
      76125.00000000          1.87369955
      76200.00000000          1.87061453
      76275.00000000          1.86752915
      76350.00000000          1.86444187
      76425.00000000          1.86135542
      76500.00000000          1.85828161
      76575.00000000          1.85518932
      76650.00000000          1.85210741
      76725.00000000          1.84902346
      76800.00000000          1.84593987
      76875.00000000          1.84285808
      76950.00000000          1.83977652
      77025.00000000          1.83669579
      77100.00000000          1.83361351
      77175.00000000          1.83053470
      77250.00000000          1.82745528
      77325.00000000          1.82437801
      77400.00000000          1.82129216
      77475.00000000          1.81821084
      77550.00000000          1.81513619
      77625.00000000          1.81205845
      77700.00000000          1.80898392
      77775.00000000          1.80589974
      77850.00000000          1.80283129
      77925.00000000          1.79975259
      78000.00000000          1.79668212
      78075.00000000          1.79360616
      78150.00000000          1.79053450
      78225.00000000          1.78745770
      78300.00000000          1.78438914
      78375.00000000          1.78131509
      78450.00000000          1.77824235
      78525.00000000          1.77516949
      78600.00000000          1.77209961
      78675.00000000          1.76903164
      78750.00000000          1.76596308
      78825.00000000          1.76289201
      78900.00000000          1.75982344
      78975.00000000          1.75675797
      79050.00000000          1.75369179
      79125.00000000          1.75062728
      79200.00000000          1.74756289
      79275.00000000          1.74449861
      79350.00000000          1.74143553
      79425.00000000          1.73836565
      79500.00000000          1.73530674
      79575.00000000          1.73224521
      79650.00000000          1.72918630
      79725.00000000          1.72612584
      79800.00000000          1.72307003
      79875.00000000          1.72000909
      79950.00000000          1.71695280
      80025.00000000          1.71388984
      80100.00000000          1.71083641
      80175.00000000          1.70777988
      80250.00000000          1.70472622
      80325.00000000          1.70167160
      80400.00000000          1.69861960
      80475.00000000          1.69556296
      80550.00000000          1.69251347
      80625.00000000          1.68946111
      80700.00000000          1.68641305
      80775.00000000          1.68336129
      80850.00000000          1.68031895
      80925.00000000          1.67726660
      81000.00000000          1.67422104
      81075.00000000          1.67117310
      81150.00000000          1.66813254
      81225.00000000          1.66508532
      81300.00000000          1.66204214
      81375.00000000          1.65899754
      81450.00000000          1.65595794
      81525.00000000          1.65291858
      81600.00000000          1.64987564
      81675.00000000          1.64683998
      81750.00000000          1.64379644
      81825.00000000          1.64076138
      81900.00000000          1.63772786
      81975.00000000          1.63468874
      82050.00000000          1.63165808
      82125.00000000          1.62862372
      82200.00000000          1.62559366
      82275.00000000          1.62255812
      82350.00000000          1.61953545
      82425.00000000          1.61649871
      82500.00000000          1.61347222
      82575.00000000          1.61044288
      82650.00000000          1.60741973
      82725.00000000          1.60438979
      82800.00000000          1.60136807
      82875.00000000          1.59834385
      82950.00000000          1.59531522
      83025.00000000          1.59229684
      83100.00000000          1.58927715
      83175.00000000          1.58626115
      83250.00000000          1.58324111
      83325.00000000          1.58022332
      83400.00000000          1.57720590
      83475.00000000          1.57419467
      83550.00000000          1.57117605
      83625.00000000          1.56816101
      83700.00000000          1.56515324
      83775.00000000          1.56213975
      83850.00000000          1.55913210
      83925.00000000          1.55612779
      84000.00000000          1.55311441
      84075.00000000          1.55011022
      84150.00000000          1.54710591
      84225.00000000          1.54410088
      84300.00000000          1.54109633
      84375.00000000          1.53809822
      84450.00000000          1.53509820
      84525.00000000          1.53210115
      84600.00000000          1.52910161
      84675.00000000          1.52609777
      84750.00000000          1.52310622
      84825.00000000          1.52011311
      84900.00000000          1.51711500
      84975.00000000          1.51412010
      85050.00000000          1.51113665
      85125.00000000          1.50814390
      85200.00000000          1.50515246
      85275.00000000          1.50216675
      85350.00000000          1.49918199
      85425.00000000          1.49620068
      85500.00000000          1.49321592
      85575.00000000          1.49023294
      85650.00000000          1.48724854
      85725.00000000          1.48427248
      85800.00000000          1.48129261
      85875.00000000          1.47831857
      85950.00000000          1.47533655
      86025.00000000          1.47237098
      86100.00000000          1.46939254
      86175.00000000          1.46641755
      86250.00000000          1.46344674
      86325.00000000          1.46048176
      86400.00000000          1.45751190
      86475.00000000          1.45454669
      86550.00000000          1.45157743
      86625.00000000          1.44861412
      86700.00000000          1.44565713
      86775.00000000          1.44269645
      86850.00000000          1.43973315
      86925.00000000          1.43677533
      87000.00000000          1.43382263
      87075.00000000          1.43086457
      87150.00000000          1.42790794
      87225.00000000          1.42495775
      87300.00000000          1.42200911
      87375.00000000          1.41905487
      87450.00000000          1.41611123
      87525.00000000          1.41315818
      87600.00000000          1.41021848
      87675.00000000          1.40727329
      87750.00000000          1.40432954
      87825.00000000          1.40138733
      87900.00000000          1.39845145
      87975.00000000          1.39551210
      88050.00000000          1.39257360
      88125.00000000          1.38964367
      88200.00000000          1.38669968
      88275.00000000          1.38377452
      88350.00000000          1.38084328
      88425.00000000          1.37791538
      88500.00000000          1.37498593
      88575.00000000          1.37206554
      88650.00000000          1.36913633
      88725.00000000          1.36621046
      88800.00000000          1.36329496
      88875.00000000          1.36037362
      88950.00000000          1.35745442
      89025.00000000          1.35454130
      89100.00000000          1.35162437
      89175.00000000          1.34871471
      89250.00000000          1.34580016
      89325.00000000          1.34288871
      89400.00000000          1.33998549
      89475.00000000          1.33707571
      89550.00000000          1.33416653
      89625.00000000          1.33126402
      89700.00000000          1.32836413
      89775.00000000          1.32546461
      89850.00000000          1.32256722
      89925.00000000          1.31966507
      90000.00000000          1.31677246
      90075.00000000          1.31387806
      90150.00000000          1.31098163
      90225.00000000          1.30809534
      90300.00000000          1.30520844
      90375.00000000          1.30231857
      90450.00000000          1.29943573
      90525.00000000          1.29654956
      90600.00000000          1.29367185
      90675.00000000          1.29079056
      90750.00000000          1.28791034
      90825.00000000          1.28503501
      90900.00000000          1.28216088
      90975.00000000          1.27928913
      91050.00000000          1.27641499
      91125.00000000          1.27354574
      91200.00000000          1.27067971
      91275.00000000          1.26781368
      91350.00000000          1.26495039
      91425.00000000          1.26208591
      91500.00000000          1.25922680
      91575.00000000          1.25636959
      91650.00000000          1.25350916
      91725.00000000          1.25065804
      91800.00000000          1.24780428
      91875.00000000          1.24495065
      91950.00000000          1.24210000
      92025.00000000          1.23925579
      92100.00000000          1.23641050
      92175.00000000          1.23356807
      92250.00000000          1.23072493
      92325.00000000          1.22788370
      92400.00000000          1.22504711
      92475.00000000          1.22220898
      92550.00000000          1.21937442
      92625.00000000          1.21654093
      92700.00000000          1.21371484
      92775.00000000          1.21088362
      92850.00000000          1.20805919
      92925.00000000          1.20523238
      93000.00000000          1.20241094
      93075.00000000          1.19958735
      93150.00000000          1.19676602
      93225.00000000          1.19395316
      93300.00000000          1.19113958
      93375.00000000          1.18832350
      93450.00000000          1.18551457
      93525.00000000          1.18270540
      93600.00000000          1.17989516
      93675.00000000          1.17709148
      93750.00000000          1.17428446
      93825.00000000          1.17148626
      93900.00000000          1.16868651
      93975.00000000          1.16588736
      94050.00000000          1.16309416
      94125.00000000          1.16030383
      94200.00000000          1.15750790
      94275.00000000          1.15472472
      94350.00000000          1.15193796
      94425.00000000          1.14914775
      94500.00000000          1.14636898
      94575.00000000          1.14358807
      94650.00000000          1.14080667
      94725.00000000          1.13803327
      94800.00000000          1.13525355
      94875.00000000          1.13248670
      94950.00000000          1.12971699
      95025.00000000          1.12694991
      95100.00000000          1.12418270
      95175.00000000          1.12141967
      95250.00000000          1.11865759
      95325.00000000          1.11589730
      95400.00000000          1.11313534
      95475.00000000          1.11038125
      95550.00000000          1.10763001
      95625.00000000          1.10487795
      95700.00000000          1.10213542
      95775.00000000          1.09938431
      95850.00000000          1.09664202
      95925.00000000          1.09389818
      96000.00000000          1.09115684
      96075.00000000          1.08841610
      96150.00000000          1.08568275
      96225.00000000          1.08295119
      96300.00000000          1.08021867
      96375.00000000          1.07749200
      96450.00000000          1.07476354
      96525.00000000          1.07204163
      96600.00000000          1.06931877
      96675.00000000          1.06659508
      96750.00000000          1.06387591
      96825.00000000          1.06116056
      96900.00000000          1.05845320
      96975.00000000          1.05574059
      97050.00000000          1.05302787
      97125.00000000          1.05032229
      97200.00000000          1.04761958
      97275.00000000          1.04491866
      97350.00000000          1.04221928
      97425.00000000          1.03952646
      97500.00000000          1.03682625
      97575.00000000          1.03413677
      97650.00000000          1.03144753
      97725.00000000          1.02875638
      97800.00000000          1.02607071
      97875.00000000          1.02339005
      97950.00000000          1.02070761
      98025.00000000          1.01803553
      98100.00000000          1.01535451
      98175.00000000          1.01267946
      98250.00000000          1.01000631
      98325.00000000          1.00733793
      98400.00000000          1.00467288
      98475.00000000          1.00200474
      98550.00000000          0.99934870
      98625.00000000          0.99668956
      98700.00000000          0.99403226
      98775.00000000          0.99137753
      98850.00000000          0.98872507
      98925.00000000          0.98607868
      99000.00000000          0.98343211
      99075.00000000          0.98078531
      99150.00000000          0.97814596
      99225.00000000          0.97550339
      99300.00000000          0.97287488
      99375.00000000          0.97023237
      99450.00000000          0.96760178
      99525.00000000          0.96496934
      99600.00000000          0.96234357
      99675.00000000          0.95972043
      99750.00000000          0.95709944
      99825.00000000          0.95447844
      99900.00000000          0.95185870
      99975.00000000          0.94924539
     100050.00000000          0.94663143
     100125.00000000          0.94402361
     100200.00000000          0.94141775
     100275.00000000          0.93881017
     100350.00000000          0.93620664
     100425.00000000          0.93361473
     100500.00000000          0.93101513
     100575.00000000          0.92841852
     100650.00000000          0.92582935
     100725.00000000          0.92323899
     100800.00000000          0.92065167
     100875.00000000          0.91806883
     100950.00000000          0.91548705
     101025.00000000          0.91290623
     101100.00000000          0.91033298
     101175.00000000          0.90775931
     101250.00000000          0.90518820
     101325.00000000          0.90261847
     101400.00000000          0.90005332
     101475.00000000          0.89748901
     101550.00000000          0.89493185
     101625.00000000          0.89237511
     101700.00000000          0.88982081
     101775.00000000          0.88726795
     101850.00000000          0.88471848
     101925.00000000          0.88217002
     102000.00000000          0.87962443
     102075.00000000          0.87708467
     102150.00000000          0.87454629
     102225.00000000          0.87201035
     102300.00000000          0.86947733
     102375.00000000          0.86694759
     102450.00000000          0.86441618
     102525.00000000          0.86189264
     102600.00000000          0.85937446
     102675.00000000          0.85684979
     102750.00000000          0.85433418
     102825.00000000          0.85182291
     102900.00000000          0.84930819
     102975.00000000          0.84679925
     103050.00000000          0.84429359
     103125.00000000          0.84178883
     103200.00000000          0.83929229
     103275.00000000          0.83679229
     103350.00000000          0.83429796
     103425.00000000          0.83180618
     103500.00000000          0.82931507
     103575.00000000          0.82683039
     103650.00000000          0.82434827
     103725.00000000          0.82186651
     103800.00000000          0.81938690
     103875.00000000          0.81691229
     103950.00000000          0.81443954
     104025.00000000          0.81197387
     104100.00000000          0.80950356
     104175.00000000          0.80704349
     104250.00000000          0.80458009
     104325.00000000          0.80212253
     104400.00000000          0.79966778
     104475.00000000          0.79721618
     104550.00000000          0.79476684
     104625.00000000          0.79231858
     104700.00000000          0.78987688
     104775.00000000          0.78743327
     104850.00000000          0.78499824
     104925.00000000          0.78256088
     105000.00000000          0.78013062
     105075.00000000          0.77770013
     105150.00000000          0.77527535
     105225.00000000          0.77285200
     105300.00000000          0.77043051
     105375.00000000          0.76801372
     105450.00000000          0.76559979
     105525.00000000          0.76318848
     105600.00000000          0.76077980
     105675.00000000          0.75837463
     105750.00000000          0.75596893
     105825.00000000          0.75357187
     105900.00000000          0.75117505
     105975.00000000          0.74878317
     106050.00000000          0.74639261
     106125.00000000          0.74400413
     106200.00000000          0.74162298
     106275.00000000          0.73923767
     106350.00000000          0.73685896
     106425.00000000          0.73448223
     106500.00000000          0.73211008
     106575.00000000          0.72974080
     106650.00000000          0.72737718
     106725.00000000          0.72501189
     106800.00000000          0.72265232
     106875.00000000          0.72029537
     106950.00000000          0.71794140
     107025.00000000          0.71559083
     107100.00000000          0.71324074
     107175.00000000          0.71089685
     107250.00000000          0.70855474
     107325.00000000          0.70621639
     107400.00000000          0.70388317
     107475.00000000          0.70154887
     107550.00000000          0.69921535
     107625.00000000          0.69689268
     107700.00000000          0.69456917
     107775.00000000          0.69224697
     107850.00000000          0.68992865
     107925.00000000          0.68761694
     108000.00000000          0.68530434
     108075.00000000          0.68299699
     108150.00000000          0.68069339
     108225.00000000          0.67838931
     108300.00000000          0.67609429
     108375.00000000          0.67379916
     108450.00000000          0.67150843
     108525.00000000          0.66921747
     108600.00000000          0.66693377
     108675.00000000          0.66465175
     108750.00000000          0.66237110
     108825.00000000          0.66009563
     108900.00000000          0.65782416
     108975.00000000          0.65555489
     109050.00000000          0.65328759
     109125.00000000          0.65102261
     109200.00000000          0.64876360
     109275.00000000          0.64650875
     109350.00000000          0.64425480
     109425.00000000          0.64200395
     109500.00000000          0.63975418
     109575.00000000          0.63751221
     109650.00000000          0.63526911
     109725.00000000          0.63303161
     109800.00000000          0.63080090
     109875.00000000          0.62856734
     109950.00000000          0.62634200
     110025.00000000          0.62411684
     110100.00000000          0.62189615
     110175.00000000          0.61968064
     110250.00000000          0.61746424
     110325.00000000          0.61525404
     110400.00000000          0.61304516
     110475.00000000          0.61083859
     110550.00000000          0.60863978
     110625.00000000          0.60644150
     110700.00000000          0.60424638
     110775.00000000          0.60205495
     110850.00000000          0.59986711
     110925.00000000          0.59768391
     111000.00000000          0.59550047
     111075.00000000          0.59332424
     111150.00000000          0.59115016
     111225.00000000          0.58897948
     111300.00000000          0.58680981
     111375.00000000          0.58464622
     111450.00000000          0.58248681
     111525.00000000          0.58032644
     111600.00000000          0.57817340
     111675.00000000          0.57602203
     111750.00000000          0.57387495
     111825.00000000          0.57172930
     111900.00000000          0.56958830
     111975.00000000          0.56745195
     112050.00000000          0.56531775
     112125.00000000          0.56318647
     112200.00000000          0.56106573
     112275.00000000          0.55893582
     112350.00000000          0.55681586
     112425.00000000          0.55469918
     112500.00000000          0.55258626
     112575.00000000          0.55047679
     112650.00000000          0.54837155
     112725.00000000          0.54626626
     112800.00000000          0.54416597
     112875.00000000          0.54207218
     112950.00000000          0.53997916
     113025.00000000          0.53788775
     113100.00000000          0.53580248
     113175.00000000          0.53372127
     113250.00000000          0.53163970
     113325.00000000          0.52956629
     113400.00000000          0.52749574
     113475.00000000          0.52542698
     113550.00000000          0.52336013
     113625.00000000          0.52129847
     113700.00000000          0.51924342
     113775.00000000          0.51718867
     113850.00000000          0.51513916
     113925.00000000          0.51308978
     114000.00000000          0.51104617
     114075.00000000          0.50900596
     114150.00000000          0.50696981
     114225.00000000          0.50493777
     114300.00000000          0.50290632
     114375.00000000          0.50088179
     114450.00000000          0.49885803
     114525.00000000          0.49683964
     114600.00000000          0.49482179
     114675.00000000          0.49281278
     114750.00000000          0.49080384
     114825.00000000          0.48880082
     114900.00000000          0.48679915
     114975.00000000          0.48480150
     115050.00000000          0.48280713
     115125.00000000          0.48081523
     115200.00000000          0.47883025
     115275.00000000          0.47684729
     115350.00000000          0.47486749
     115425.00000000          0.47289425
     115500.00000000          0.47091967
     115575.00000000          0.46895093
     115650.00000000          0.46698806
     115725.00000000          0.46502706
     115800.00000000          0.46306637
     115875.00000000          0.46111351
     115950.00000000          0.45916307
     116025.00000000          0.45721620
     116100.00000000          0.45527187
     116175.00000000          0.45333382
     116250.00000000          0.45140019
     116325.00000000          0.44946438
     116400.00000000          0.44753772
     116475.00000000          0.44561237
     116550.00000000          0.44369113
     116625.00000000          0.44177473
     116700.00000000          0.43985879
     116775.00000000          0.43794972
     116850.00000000          0.43604362
     116925.00000000          0.43413979
     117000.00000000          0.43224147
     117075.00000000          0.43034732
     117150.00000000          0.42845535
     117225.00000000          0.42656937
     117300.00000000          0.42468610
     117375.00000000          0.42280257
     117450.00000000          0.42092684
     117525.00000000          0.41905329
     117600.00000000          0.41718522
     117675.00000000          0.41532058
     117750.00000000          0.41346025
     117825.00000000          0.41159993
     117900.00000000          0.40974706
     117975.00000000          0.40789485
     118050.00000000          0.40604997
     118125.00000000          0.40420920
     118200.00000000          0.40236992
     118275.00000000          0.40053308
     118350.00000000          0.39870462
     118425.00000000          0.39687479
     118500.00000000          0.39505208
     118575.00000000          0.39323169
     118650.00000000          0.39141494
     118725.00000000          0.38960022
     118800.00000000          0.38779277
     118875.00000000          0.38598812
     118950.00000000          0.38418642
     119025.00000000          0.38238966
     119100.00000000          0.38059586
     119175.00000000          0.37880778
     119250.00000000          0.37702355
     119325.00000000          0.37524003
     119400.00000000          0.37346011
     119475.00000000          0.37168825
     119550.00000000          0.36991900
     119625.00000000          0.36814997
     119700.00000000          0.36638975
     119775.00000000          0.36463049
     119850.00000000          0.36287516
     119925.00000000          0.36112356
     120000.00000000          0.35937613
     120075.00000000          0.35763291
     120150.00000000          0.35589176
     120225.00000000          0.35415766
     120300.00000000          0.35242587
     120375.00000000          0.35069937
     120450.00000000          0.34897602
     120525.00000000          0.34725338
     120600.00000000          0.34553900
     120675.00000000          0.34382713
     120750.00000000          0.34211692
     120825.00000000          0.34041148
     120900.00000000          0.33871287
     120975.00000000          0.33701795
     121050.00000000          0.33532470
     121125.00000000          0.33363470
     121200.00000000          0.33195108
     121275.00000000          0.33026999
     121350.00000000          0.32859260
     121425.00000000          0.32691890
     121500.00000000          0.32524863
     121575.00000000          0.32358593
     121650.00000000          0.32192457
     121725.00000000          0.32026684
     121800.00000000          0.31861323
     121875.00000000          0.31696492
     121950.00000000          0.31531900
     122025.00000000          0.31367812
     122100.00000000          0.31203914
     122175.00000000          0.31040969
     122250.00000000          0.30877948
     122325.00000000          0.30715236
     122400.00000000          0.30553287
     122475.00000000          0.30391341
     122550.00000000          0.30230105
     122625.00000000          0.30069131
     122700.00000000          0.29908741
     122775.00000000          0.29748380
     122850.00000000          0.29588684
     122925.00000000          0.29429495
     123000.00000000          0.29270351
     123075.00000000          0.29111764
     123150.00000000          0.28953785
     123225.00000000          0.28796047
     123300.00000000          0.28638917
     123375.00000000          0.28481770
     123450.00000000          0.28325108
     123525.00000000          0.28168941
     123600.00000000          0.28013283
     123675.00000000          0.27858010
     123750.00000000          0.27703223
     123825.00000000          0.27548832
     123900.00000000          0.27394700
     123975.00000000          0.27240950
     124050.00000000          0.27087525
     124125.00000000          0.26934791
     124200.00000000          0.26782352
     124275.00000000          0.26630411
     124350.00000000          0.26478547
     124425.00000000          0.26327226
     124500.00000000          0.26176623
     124575.00000000          0.26026106
     124650.00000000          0.25876170
     124725.00000000          0.25726521
     124800.00000000          0.25577360
     124875.00000000          0.25428498
     124950.00000000          0.25280130
     125025.00000000          0.25132179
     125100.00000000          0.24984798
     125175.00000000          0.24837577
     125250.00000000          0.24690679
     125325.00000000          0.24544407
     125400.00000000          0.24398482
     125475.00000000          0.24252999
     125550.00000000          0.24107969
     125625.00000000          0.23963381
     125700.00000000          0.23819026
     125775.00000000          0.23675197
     125850.00000000          0.23531669
     125925.00000000          0.23388687
     126000.00000000          0.23246107
     126075.00000000          0.23103955
     126150.00000000          0.22962171
     126225.00000000          0.22820905
     126300.00000000          0.22679901
     126375.00000000          0.22539388
     126450.00000000          0.22399147
     126525.00000000          0.22259620
     126600.00000000          0.22120458
     126675.00000000          0.21981508
     126750.00000000          0.21843056
     126825.00000000          0.21704972
     126900.00000000          0.21567421
     126975.00000000          0.21430370
     127050.00000000          0.21293467
     127125.00000000          0.21157196
     127200.00000000          0.21021250
     127275.00000000          0.20885703
     127350.00000000          0.20750691
     127425.00000000          0.20615998
     127500.00000000          0.20481671
     127575.00000000          0.20347857
     127650.00000000          0.20214549
     127725.00000000          0.20081648
     127800.00000000          0.19948985
     127875.00000000          0.19816849
     127950.00000000          0.19685060
     128025.00000000          0.19553882
     128100.00000000          0.19422969
     128175.00000000          0.19292730
     128250.00000000          0.19162567
     128325.00000000          0.19032899
     128400.00000000          0.18903844
     128475.00000000          0.18774989
     128550.00000000          0.18646675
     128625.00000000          0.18518843
     128700.00000000          0.18391366
     128775.00000000          0.18264276
     128850.00000000          0.18137726
     128925.00000000          0.18011458
     129000.00000000          0.17885751
     129075.00000000          0.17760323
     129150.00000000          0.17635462
     129225.00000000          0.17510897
     129300.00000000          0.17386977
     129375.00000000          0.17263395
     129450.00000000          0.17140108
     129525.00000000          0.17017215
     129600.00000000          0.16894905
     129675.00000000          0.16773103
     129750.00000000          0.16651456
     129825.00000000          0.16530409
     129900.00000000          0.16409749
     129975.00000000          0.16289590
     130050.00000000          0.16169873
     130125.00000000          0.16050425
     130200.00000000          0.15931557
     130275.00000000          0.15813085
     130350.00000000          0.15694869
     130425.00000000          0.15577289
     130500.00000000          0.15460128
     130575.00000000          0.15343350
     130650.00000000          0.15227123
     130725.00000000          0.15111271
     130800.00000000          0.14995810
     130875.00000000          0.14880726
     130950.00000000          0.14766125
     131025.00000000          0.14651912
     131100.00000000          0.14538208
     131175.00000000          0.14424971
     131250.00000000          0.14312039
     131325.00000000          0.14199618
     131400.00000000          0.14087501
     131475.00000000          0.13976124
     131550.00000000          0.13864928
     131625.00000000          0.13754234
     131700.00000000          0.13644010
     131775.00000000          0.13534214
     131850.00000000          0.13424639
     131925.00000000          0.13315839
     132000.00000000          0.13207126
     132075.00000000          0.13099323
     132150.00000000          0.12991472
     132225.00000000          0.12884384
     132300.00000000          0.12777536
     132375.00000000          0.12671268
     132450.00000000          0.12565278
     132525.00000000          0.12459813
     132600.00000000          0.12354866
     132675.00000000          0.12250323
     132750.00000000          0.12146001
     132825.00000000          0.12042340
     132900.00000000          0.11939028
     132975.00000000          0.11836345
     133050.00000000          0.11733998
     133125.00000000          0.11631907
     133200.00000000          0.11530438
     133275.00000000          0.11429374
     133350.00000000          0.11328760
     133425.00000000          0.11228541
     133500.00000000          0.11128795
     133575.00000000          0.11029468
     133650.00000000          0.10930602
     133725.00000000          0.10832167
     133800.00000000          0.10734207
     133875.00000000          0.10636604
     133950.00000000          0.10539447
     134025.00000000          0.10442778
     134100.00000000          0.10346591
     134175.00000000          0.10250784
     134250.00000000          0.10155554
     134325.00000000          0.10060605
     134400.00000000          0.09966033
     134475.00000000          0.09872162
     134550.00000000          0.09778339
     134625.00000000          0.09685433
     134700.00000000          0.09592737
     134775.00000000          0.09500402
     134850.00000000          0.09408624
     134925.00000000          0.09317368
     135000.00000000          0.09226404
     135075.00000000          0.09135945
     135150.00000000          0.09045970
     135225.00000000          0.08956331
     135300.00000000          0.08867086
     135375.00000000          0.08778517
     135450.00000000          0.08690267
     135525.00000000          0.08602449
     135600.00000000          0.08515105
     135675.00000000          0.08428241
     135750.00000000          0.08341722
     135825.00000000          0.08255652
     135900.00000000          0.08170041
     135975.00000000          0.08084971
     136050.00000000          0.08000273
     136125.00000000          0.07916013
     136200.00000000          0.07832259
     136275.00000000          0.07748818
     136350.00000000          0.07666031
     136425.00000000          0.07583489
     136500.00000000          0.07501513
     136575.00000000          0.07420110
     136650.00000000          0.07338919
     136725.00000000          0.07258225
     136800.00000000          0.07178020
     136875.00000000          0.07098307
     136950.00000000          0.07018933
     137025.00000000          0.06940113
     137100.00000000          0.06861702
     137175.00000000          0.06783737
     137250.00000000          0.06706287
     137325.00000000          0.06629088
     137400.00000000          0.06552481
     137475.00000000          0.06476349
     137550.00000000          0.06400531
     137625.00000000          0.06325358
     137700.00000000          0.06250514
     137775.00000000          0.06176092
     137850.00000000          0.06102208
     137925.00000000          0.06028832
     138000.00000000          0.05955708
     138075.00000000          0.05883093
     138150.00000000          0.05811004
     138225.00000000          0.05739344
     138300.00000000          0.05668045
     138375.00000000          0.05597439
     138450.00000000          0.05527033
     138525.00000000          0.05457210
     138600.00000000          0.05387741
     138675.00000000          0.05318720
     138750.00000000          0.05250184
     138825.00000000          0.05182122
     138900.00000000          0.05114525
     138975.00000000          0.05047363
     139050.00000000          0.04980677
     139125.00000000          0.04914444
     139200.00000000          0.04848661
     139275.00000000          0.04783273
     139350.00000000          0.04718319
     139425.00000000          0.04653884
     139500.00000000          0.04589922
     139575.00000000          0.04526395
     139650.00000000          0.04463256
     139725.00000000          0.04400680
     139800.00000000          0.04338470
     139875.00000000          0.04276688
     139950.00000000          0.04215436
     140025.00000000          0.04154652
     140100.00000000          0.04094267
     140175.00000000          0.04034331
     140250.00000000          0.03974874
     140325.00000000          0.03915879
     140400.00000000          0.03857337
     140475.00000000          0.03799201
     140550.00000000          0.03741542
     140625.00000000          0.03684400
     140700.00000000          0.03627647
     140775.00000000          0.03571356
     140850.00000000          0.03515473
     140925.00000000          0.03460123
     141000.00000000          0.03405160
     141075.00000000          0.03350666
     141150.00000000          0.03296698
     141225.00000000          0.03243100
     141300.00000000          0.03190092
     141375.00000000          0.03137359
     141450.00000000          0.03085194
     141525.00000000          0.03033452
     141600.00000000          0.02982147
     141675.00000000          0.02931381
     141750.00000000          0.02880979
     141825.00000000          0.02831057
     141900.00000000          0.02781603
     141975.00000000          0.02732625
     142050.00000000          0.02684038
     142125.00000000          0.02635951
     142200.00000000          0.02588337
     142275.00000000          0.02541091
     142350.00000000          0.02494357
     142425.00000000          0.02448108
     142500.00000000          0.02402315
     142575.00000000          0.02356976
     142650.00000000          0.02312037
     142725.00000000          0.02267602
     142800.00000000          0.02223606
     142875.00000000          0.02180019
     142950.00000000          0.02136986
     143025.00000000          0.02094388
     143100.00000000          0.02052182
     143175.00000000          0.02010513
     143250.00000000          0.01969291
     143325.00000000          0.01928473
     143400.00000000          0.01888127
     143475.00000000          0.01848244
     143550.00000000          0.01808791
     143625.00000000          0.01769844
     143700.00000000          0.01731333
     143775.00000000          0.01693312
     143850.00000000          0.01655715
     143925.00000000          0.01618565
     144000.00000000          0.01581886
     144075.00000000          0.01545673
     144150.00000000          0.01509898
     144225.00000000          0.01474583
     144300.00000000          0.01439739
     144375.00000000          0.01405389
     144450.00000000          0.01371428
     144525.00000000          0.01337922
     144600.00000000          0.01304925
     144675.00000000          0.01272327
     144750.00000000          0.01240249
     144825.00000000          0.01208628
     144900.00000000          0.01177426
     144975.00000000          0.01146693
     145050.00000000          0.01116414
     145125.00000000          0.01086603
     145200.00000000          0.01057242
     145275.00000000          0.01028359
     145350.00000000          0.00999907
     145425.00000000          0.00971904
     145500.00000000          0.00944381
     145575.00000000          0.00917293
     145650.00000000          0.00890679
     145725.00000000          0.00864534
     145800.00000000          0.00838834
     145875.00000000          0.00813606
     145950.00000000          0.00788832
     146025.00000000          0.00764536
     146100.00000000          0.00740651
     146175.00000000          0.00717277
     146250.00000000          0.00694287
     146325.00000000          0.00671802
     146400.00000000          0.00649776
     146475.00000000          0.00628228
     146550.00000000          0.00607099
     146625.00000000          0.00586417
     146700.00000000          0.00566236
     146775.00000000          0.00546492
     146850.00000000          0.00527222
     146925.00000000          0.00508389
     147000.00000000          0.00490018
     147075.00000000          0.00472106
     147150.00000000          0.00454665
     147225.00000000          0.00437684
     147300.00000000          0.00421141
     147375.00000000          0.00405069
     147450.00000000          0.00389456
     147525.00000000          0.00374300
     147600.00000000          0.00359591
     147675.00000000          0.00345347
     147750.00000000          0.00331567
     147825.00000000          0.00318249
     147900.00000000          0.00305354
     147975.00000000          0.00292955
     148050.00000000          0.00281005
     148125.00000000          0.00269517
     148200.00000000          0.00258478
     148275.00000000          0.00247901
     148350.00000000          0.00237756
     148425.00000000          0.00228115
     148500.00000000          0.00218877
     148575.00000000          0.00210163
     148650.00000000          0.00201885
     148725.00000000          0.00194038
     148800.00000000          0.00186670
     148875.00000000          0.00179757
     148950.00000000          0.00173286
     149025.00000000          0.00167294
     149100.00000000          0.00161712
     149175.00000000          0.00156658
     149250.00000000          0.00152044
     149325.00000000          0.00147855
     149400.00000000          0.00144151
     149475.00000000          0.00140904
     149550.00000000          0.00138102
     149625.00000000          0.00135774
     149700.00000000          0.00133850
     149775.00000000          0.00132446
     149850.00000000          0.00131486
     149925.00000000          0.00130972
