          0.00000000          0.00000000
         37.50000000          0.01000339
         75.00000000      27595.98242188
        112.50000000          0.52080089
        150.00000000          0.00001570
        187.50000000          1.42989302
        225.00000000      27074.29687500
        262.50000000          0.48707891
        300.00000000          0.00000001
        337.50000000          0.68211347
        375.00000000      23570.91015625
        412.50000000          5.93906879
        450.00000000          0.00011910
        487.50000000          8.01164913
        525.00000000      22265.84375000
        562.50000000          1.86111271
        600.00000000          0.00000011
        637.50000000          1.71522236
        675.00000000      16877.98046875
        712.50000000         12.60650349
        750.00000000          0.00023217
        787.50000000         14.53407001
        825.00000000      15351.49414062
        862.50000000          3.04933119
        900.00000000          0.00000037
        937.50000000          2.18834496
        975.00000000      10131.37695312
       1012.50000000         15.19136715
       1050.00000000          0.00026777
       1087.50000000         16.16164017
       1125.00000000       8873.64257812
       1162.50000000          3.23314214
       1200.00000000          0.00000065
       1237.50000000          1.88230813
       1275.00000000       5098.16015625
       1312.50000000         12.77627754
       1350.00000000          0.00021933
       1387.50000000         12.86671257
       1425.00000000       4300.29199219
       1462.50000000          2.50154424
       1500.00000000          0.00000071
       1537.50000000          1.20013416
       1575.00000000       2150.54882812
       1612.50000000          8.09521961
       1650.00000000          0.00013637
       1687.50000000          7.80726910
       1725.00000000       1747.21655273
       1762.50000000          1.48775899
       1800.00000000          0.00000055
       1837.50000000          0.59226441
       1875.00000000        760.43731689
       1912.50000000          4.00930834
       1950.00000000          0.00006600
       1987.50000000          3.72623563
       2025.00000000        595.18017578
       2062.50000000          0.69892263
       2100.00000000          0.00000033
       2137.50000000          0.23158127
       2175.00000000        225.39544678
       2212.50000000          1.58446610
       2250.00000000          0.00002559
       2287.50000000          1.42449951
       2325.00000000        169.98483276
       2362.50000000          0.26356274
       2400.00000000          0.00000015
       2437.50000000          0.07275280
       2475.00000000         56.00007629
       2512.50000000          0.50604331
       2550.00000000          0.00000806
       2587.50000000          0.44117975
       2625.00000000         40.70434570
       2662.50000000          0.08061414
       2700.00000000          0.00000005
       2737.50000000          0.01853019
       2775.00000000         11.66221714
       2812.50000000          0.13171832
       2850.00000000          0.00000206
       2887.50000000          0.11154737
       2925.00000000          8.17219734
       2962.50000000          0.02013823
       3000.00000000          0.00000002
       3037.50000000          0.00384916
       3075.00000000          2.03568816
       3112.50000000          0.02810221
       3150.00000000          0.00000043
       3187.50000000          0.02314718
       3225.00000000          1.37564266
       3262.50000000          0.00412989
       3300.00000000          0.00000000
       3337.50000000          0.00065481
       3375.00000000          0.29782858
       3412.50000000          0.00493602
       3450.00000000          0.00000007
       3487.50000000          0.00395795
       3525.00000000          0.19415736
       3562.50000000          0.00069775
       3600.00000000          0.00000000
       3637.50000000          0.00009149
       3675.00000000          0.03652050
       3712.50000000          0.00071585
       3750.00000000          0.00000001
       3787.50000000          0.00055925
       3825.00000000          0.02297721
       3862.50000000          0.00009737
       3900.00000000          0.00000000
       3937.50000000          0.00001052
       3975.00000000          0.00375344
       4012.50000000          0.00008593
       4050.00000000          0.00000000
       4087.50000000          0.00006546
       4125.00000000          0.00227964
       4162.50000000          0.00001126
       4200.00000000          0.00000000
       4237.50000000          0.00000099
       4275.00000000          0.00032324
       4312.50000000          0.00000857
       4350.00000000          0.00000000
       4387.50000000          0.00000636
       4425.00000000          0.00018966
       4462.50000000          0.00000108
       4500.00000000          0.00000000
       4537.50000000          0.00000008
       4575.00000000          0.00002335
       4612.50000000          0.00000071
       4650.00000000          0.00000000
       4687.50000000          0.00000051
       4725.00000000          0.00001322
       4762.50000000          0.00000009
       4800.00000000          0.00000000
       4837.50000000          0.00000001
       4875.00000000          0.00000141
       4912.50000000          0.00000005
       4950.00000000          0.00000000
       4987.50000000          0.00000003
       5025.00000000          0.00000077
       5062.50000000          0.00000001
       5100.00000000          0.00000000
       5137.50000000          0.00000000
       5175.00000000          0.00000007
       5212.50000000          0.00000000
       5250.00000000          0.00000000
       5287.50000000          0.00000000
       5325.00000000          0.00000004
       5362.50000000          0.00000000
       5400.00000000          0.00000000
       5437.50000000          0.00000000
       5475.00000000          0.00000000
       5512.50000000          0.00000000
       5550.00000000          0.00000000
       5587.50000000          0.00000000
       5625.00000000          0.00000000
       5662.50000000          0.00000000
       5700.00000000          0.00000000
       5737.50000000          0.00000000
       5775.00000000          0.00000000
       5812.50000000          0.00000000
       5850.00000000          0.00000000
       5887.50000000          0.00000000
       5925.00000000          0.00000000
       5962.50000000          0.00000000
       6000.00000000          0.00000000
       6037.50000000          0.00000000
       6075.00000000          0.00000000
       6112.50000000          0.00000000
       6150.00000000          0.00000000
       6187.50000000          0.00000000
       6225.00000000          0.00000000
       6262.50000000          0.00000000
       6300.00000000          0.00000000
       6337.50000000          0.00000000
       6375.00000000          0.00000000
       6412.50000000          0.00000000
       6450.00000000          0.00000000
       6487.50000000          0.00000000
       6525.00000000          0.00000000
       6562.50000000          0.00000000
       6600.00000000          0.00000000
       6637.50000000          0.00000000
       6675.00000000          0.00000000
       6712.50000000          0.00000000
       6750.00000000          0.00000000
       6787.50000000          0.00000000
       6825.00000000          0.00000000
       6862.50000000          0.00000000
       6900.00000000          0.00000000
       6937.50000000          0.00000000
       6975.00000000          0.00000000
       7012.50000000          0.00000000
       7050.00000000          0.00000000
       7087.50000000          0.00000000
       7125.00000000          0.00000000
       7162.50000000          0.00000000
       7200.00000000          0.00000000
       7237.50000000          0.00000000
       7275.00000000          0.00000000
       7312.50000000          0.00000000
       7350.00000000          0.00000000
       7387.50000000          0.00000000
       7425.00000000          0.00000000
       7462.50000000          0.00000000
       7500.00000000          0.00000000
       7537.50000000          0.00000000
       7575.00000000          0.00000000
       7612.50000000          0.00000000
       7650.00000000          0.00000000
       7687.50000000          0.00000000
       7725.00000000          0.00000000
       7762.50000000          0.00000000
       7800.00000000          0.00000000
       7837.50000000          0.00000000
       7875.00000000          0.00000000
       7912.50000000          0.00000000
       7950.00000000          0.00000000
       7987.50000000          0.00000000
       8025.00000000          0.00000000
       8062.50000000          0.00000000
       8100.00000000          0.00000000
       8137.50000000          0.00000000
       8175.00000000          0.00000000
       8212.50000000          0.00000000
       8250.00000000          0.00000000
       8287.50000000          0.00000000
       8325.00000000          0.00000000
       8362.50000000          0.00000000
       8400.00000000          0.00000000
       8437.50000000          0.00000000
       8475.00000000          0.00000000
       8512.50000000          0.00000000
       8550.00000000          0.00000000
       8587.50000000          0.00000000
       8625.00000000          0.00000000
       8662.50000000          0.00000000
       8700.00000000          0.00000000
       8737.50000000          0.00000000
       8775.00000000          0.00000000
       8812.50000000          0.00000000
       8850.00000000          0.00000000
       8887.50000000          0.00000000
       8925.00000000          0.00000000
       8962.50000000          0.00000000
       9000.00000000          0.00000000
       9037.50000000          0.00000000
       9075.00000000          0.00000000
       9112.50000000          0.00000000
       9150.00000000          0.00000000
       9187.50000000          0.00000000
       9225.00000000          0.00000000
       9262.50000000          0.00000000
       9300.00000000          0.00000000
       9337.50000000          0.00000000
       9375.00000000          0.00000000
       9412.50000000          0.00000000
       9450.00000000          0.00000000
       9487.50000000          0.00000000
       9525.00000000          0.00000000
       9562.50000000          0.00000000
       9600.00000000          0.00000000
       9637.50000000          0.00000000
       9675.00000000          0.00000000
       9712.50000000          0.00000000
       9750.00000000          0.00000000
       9787.50000000          0.00000000
       9825.00000000          0.00000000
       9862.50000000          0.00000000
       9900.00000000          0.00000000
       9937.50000000          0.00000000
       9975.00000000          0.00000000
      10012.50000000          0.00000000
      10050.00000000          0.00000000
      10087.50000000          0.00000000
      10125.00000000          0.00000000
      10162.50000000          0.00000000
      10200.00000000          0.00000000
      10237.50000000          0.00000000
      10275.00000000          0.00000000
      10312.50000000          0.00000000
      10350.00000000          0.00000000
      10387.50000000          0.00000000
      10425.00000000          0.00000000
      10462.50000000          0.00000000
      10500.00000000          0.00000000
      10537.50000000          0.00000000
      10575.00000000          0.00000000
      10612.50000000          0.00000000
      10650.00000000          0.00000000
      10687.50000000          0.00000000
      10725.00000000          0.00000000
      10762.50000000          0.00000000
      10800.00000000          0.00000000
      10837.50000000          0.00000000
      10875.00000000          0.00000000
      10912.50000000          0.00000000
      10950.00000000          0.00000000
      10987.50000000          0.00000000
      11025.00000000          0.00000000
      11062.50000000          0.00000000
      11100.00000000          0.00000000
      11137.50000000          0.00000000
      11175.00000000          0.00000000
      11212.50000000          0.00000000
      11250.00000000          0.00000000
      11287.50000000          0.00000000
      11325.00000000          0.00000000
      11362.50000000          0.00000000
      11400.00000000          0.00000000
      11437.50000000          0.00000000
      11475.00000000          0.00000000
      11512.50000000          0.00000000
      11550.00000000          0.00000000
      11587.50000000          0.00000000
      11625.00000000          0.00000000
      11662.50000000          0.00000000
      11700.00000000          0.00000000
      11737.50000000          0.00000000
      11775.00000000          0.00000000
      11812.50000000          0.00000000
      11850.00000000          0.00000000
      11887.50000000          0.00000000
      11925.00000000          0.00000000
      11962.50000000          0.00000000
      12000.00000000          0.00000000
      12037.50000000          0.00000000
      12075.00000000          0.00000000
      12112.50000000          0.00000000
      12150.00000000          0.00000000
      12187.50000000          0.00000000
      12225.00000000          0.00000000
      12262.50000000          0.00000000
      12300.00000000          0.00000000
      12337.50000000          0.00000000
      12375.00000000          0.00000000
      12412.50000000          0.00000000
      12450.00000000          0.00000000
      12487.50000000          0.00000000
      12525.00000000          0.00000000
      12562.50000000          0.00000000
      12600.00000000          0.00000000
      12637.50000000          0.00000000
      12675.00000000          0.00000000
      12712.50000000          0.00000000
      12750.00000000          0.00000000
      12787.50000000          0.00000000
      12825.00000000          0.00000000
      12862.50000000          0.00000000
      12900.00000000          0.00000000
      12937.50000000          0.00000000
      12975.00000000          0.00000000
      13012.50000000          0.00000000
      13050.00000000          0.00000000
      13087.50000000          0.00000000
      13125.00000000          0.00000000
      13162.50000000          0.00000000
      13200.00000000          0.00000000
      13237.50000000          0.00000000
      13275.00000000          0.00000000
      13312.50000000          0.00000000
      13350.00000000          0.00000000
      13387.50000000          0.00000000
      13425.00000000          0.00000000
      13462.50000000          0.00000000
      13500.00000000          0.00000000
      13537.50000000          0.00000000
      13575.00000000          0.00000000
      13612.50000000          0.00000000
      13650.00000000          0.00000000
      13687.50000000          0.00000000
      13725.00000000          0.00000000
      13762.50000000          0.00000000
      13800.00000000          0.00000000
      13837.50000000          0.00000000
      13875.00000000          0.00000000
      13912.50000000          0.00000000
      13950.00000000          0.00000000
      13987.50000000          0.00000000
      14025.00000000          0.00000000
      14062.50000000          0.00000000
      14100.00000000          0.00000000
      14137.50000000          0.00000000
      14175.00000000          0.00000000
      14212.50000000          0.00000000
      14250.00000000          0.00000000
      14287.50000000          0.00000000
      14325.00000000          0.00000000
      14362.50000000          0.00000000
      14400.00000000          0.00000000
      14437.50000000          0.00000000
      14475.00000000          0.00000000
      14512.50000000          0.00000000
      14550.00000000          0.00000000
      14587.50000000          0.00000000
      14625.00000000          0.00000000
      14662.50000000          0.00000000
      14700.00000000          0.00000000
      14737.50000000          0.00000000
      14775.00000000          0.00000000
      14812.50000000          0.00000000
      14850.00000000          0.00000000
      14887.50000000          0.00000000
      14925.00000000          0.00000000
      14962.50000000          0.00000000
      15000.00000000          0.00000000
      15037.50000000          0.00000000
      15075.00000000          0.00000000
      15112.50000000          0.00000000
      15150.00000000          0.00000000
      15187.50000000          0.00000000
      15225.00000000          0.00000000
      15262.50000000          0.00000000
      15300.00000000          0.00000000
      15337.50000000          0.00000000
      15375.00000000          0.00000000
      15412.50000000          0.00000000
      15450.00000000          0.00000000
      15487.50000000          0.00000000
      15525.00000000          0.00000000
      15562.50000000          0.00000000
      15600.00000000          0.00000000
      15637.50000000          0.00000000
      15675.00000000          0.00000000
      15712.50000000          0.00000000
      15750.00000000          0.00000000
      15787.50000000          0.00000000
      15825.00000000          0.00000000
      15862.50000000          0.00000000
      15900.00000000          0.00000000
      15937.50000000          0.00000000
      15975.00000000          0.00000000
      16012.50000000          0.00000000
      16050.00000000          0.00000000
      16087.50000000          0.00000000
      16125.00000000          0.00000000
      16162.50000000          0.00000000
      16200.00000000          0.00000000
      16237.50000000          0.00000000
      16275.00000000          0.00000000
      16312.50000000          0.00000000
      16350.00000000          0.00000000
      16387.50000000          0.00000000
      16425.00000000          0.00000000
      16462.50000000          0.00000000
      16500.00000000          0.00000000
      16537.50000000          0.00000000
      16575.00000000          0.00000000
      16612.50000000          0.00000000
      16650.00000000          0.00000000
      16687.50000000          0.00000000
      16725.00000000          0.00000000
      16762.50000000          0.00000000
      16800.00000000          0.00000000
      16837.50000000          0.00000000
      16875.00000000          0.00000000
      16912.50000000          0.00000000
      16950.00000000          0.00000000
      16987.50000000          0.00000000
      17025.00000000          0.00000000
      17062.50000000          0.00000000
      17100.00000000          0.00000000
      17137.50000000          0.00000000
      17175.00000000          0.00000000
      17212.50000000          0.00000000
      17250.00000000          0.00000000
      17287.50000000          0.00000000
      17325.00000000          0.00000000
      17362.50000000          0.00000000
      17400.00000000          0.00000000
      17437.50000000          0.00000000
      17475.00000000          0.00000000
      17512.50000000          0.00000000
      17550.00000000          0.00000000
      17587.50000000          0.00000000
      17625.00000000          0.00000000
      17662.50000000          0.00000000
      17700.00000000          0.00000000
      17737.50000000          0.00000000
      17775.00000000          0.00000000
      17812.50000000          0.00000000
      17850.00000000          0.00000000
      17887.50000000          0.00000000
      17925.00000000          0.00000000
      17962.50000000          0.00000000
      18000.00000000          0.00000000
      18037.50000000          0.00000000
      18075.00000000          0.00000000
      18112.50000000          0.00000000
      18150.00000000          0.00000000
      18187.50000000          0.00000000
      18225.00000000          0.00000000
      18262.50000000          0.00000000
      18300.00000000          0.00000000
      18337.50000000          0.00000000
      18375.00000000          0.00000000
      18412.50000000          0.00000000
      18450.00000000          0.00000000
      18487.50000000          0.00000000
      18525.00000000          0.00000000
      18562.50000000          0.00000000
      18600.00000000          0.00000000
      18637.50000000          0.00000000
      18675.00000000          0.00000000
      18712.50000000          0.00000000
      18750.00000000          0.00000000
      18787.50000000          0.00000000
      18825.00000000          0.00000000
      18862.50000000          0.00000000
      18900.00000000          0.00000000
      18937.50000000          0.00000000
      18975.00000000          0.00000000
      19012.50000000          0.00000000
      19050.00000000          0.00000000
      19087.50000000          0.00000000
      19125.00000000          0.00000000
      19162.50000000          0.00000000
      19200.00000000          0.00000000
      19237.50000000          0.00000000
      19275.00000000          0.00000000
      19312.50000000          0.00000000
      19350.00000000          0.00000000
      19387.50000000          0.00000000
      19425.00000000          0.00000000
      19462.50000000          0.00000000
      19500.00000000          0.00000000
      19537.50000000          0.00000000
      19575.00000000          0.00000000
      19612.50000000          0.00000000
      19650.00000000          0.00000000
      19687.50000000          0.00000000
      19725.00000000          0.00000000
      19762.50000000          0.00000000
      19800.00000000          0.00000000
      19837.50000000          0.00000000
      19875.00000000          0.00000000
      19912.50000000          0.00000000
      19950.00000000          0.00000000
      19987.50000000          0.00000000
      20025.00000000          0.00000000
      20062.50000000          0.00000000
      20100.00000000          0.00000000
      20137.50000000          0.00000000
      20175.00000000          0.00000000
      20212.50000000          0.00000000
      20250.00000000          0.00000000
      20287.50000000          0.00000000
      20325.00000000          0.00000000
      20362.50000000          0.00000000
      20400.00000000          0.00000000
      20437.50000000          0.00000000
      20475.00000000          0.00000000
      20512.50000000          0.00000000
      20550.00000000          0.00000000
      20587.50000000          0.00000000
      20625.00000000          0.00000000
      20662.50000000          0.00000000
      20700.00000000          0.00000000
      20737.50000000          0.00000000
      20775.00000000          0.00000000
      20812.50000000          0.00000000
      20850.00000000          0.00000000
      20887.50000000          0.00000000
      20925.00000000          0.00000000
      20962.50000000          0.00000000
      21000.00000000          0.00000000
      21037.50000000          0.00000000
      21075.00000000          0.00000000
      21112.50000000          0.00000000
      21150.00000000          0.00000000
      21187.50000000          0.00000000
      21225.00000000          0.00000000
      21262.50000000          0.00000000
      21300.00000000          0.00000000
      21337.50000000          0.00000000
      21375.00000000          0.00000000
      21412.50000000          0.00000000
      21450.00000000          0.00000000
      21487.50000000          0.00000000
      21525.00000000          0.00000000
      21562.50000000          0.00000000
      21600.00000000          0.00000000
      21637.50000000          0.00000000
      21675.00000000          0.00000000
      21712.50000000          0.00000000
      21750.00000000          0.00000000
      21787.50000000          0.00000000
      21825.00000000          0.00000000
      21862.50000000          0.00000000
      21900.00000000          0.00000000
      21937.50000000          0.00000000
      21975.00000000          0.00000000
      22012.50000000          0.00000000
      22050.00000000          0.00000000
      22087.50000000          0.00000000
      22125.00000000          0.00000000
      22162.50000000          0.00000000
      22200.00000000          0.00000000
      22237.50000000          0.00000000
      22275.00000000          0.00000000
      22312.50000000          0.00000000
      22350.00000000          0.00000000
      22387.50000000          0.00000000
      22425.00000000          0.00000000
      22462.50000000          0.00000000
      22500.00000000          0.00000000
      22537.50000000          0.00000000
      22575.00000000          0.00000000
      22612.50000000          0.00000000
      22650.00000000          0.00000000
      22687.50000000          0.00000000
      22725.00000000          0.00000000
      22762.50000000          0.00000000
      22800.00000000          0.00000000
      22837.50000000          0.00000000
      22875.00000000          0.00000000
      22912.50000000          0.00000000
      22950.00000000          0.00000000
      22987.50000000          0.00000000
      23025.00000000          0.00000000
      23062.50000000          0.00000000
      23100.00000000          0.00000000
      23137.50000000          0.00000000
      23175.00000000          0.00000000
      23212.50000000          0.00000000
      23250.00000000          0.00000000
      23287.50000000          0.00000000
      23325.00000000          0.00000000
      23362.50000000          0.00000000
      23400.00000000          0.00000000
      23437.50000000          0.00000000
      23475.00000000          0.00000000
      23512.50000000          0.00000000
      23550.00000000          0.00000000
      23587.50000000          0.00000000
      23625.00000000          0.00000000
      23662.50000000          0.00000000
      23700.00000000          0.00000000
      23737.50000000          0.00000000
      23775.00000000          0.00000000
      23812.50000000          0.00000000
      23850.00000000          0.00000000
      23887.50000000          0.00000000
      23925.00000000          0.00000000
      23962.50000000          0.00000000
      24000.00000000          0.00000000
      24037.50000000          0.00000000
      24075.00000000          0.00000000
      24112.50000000          0.00000000
      24150.00000000          0.00000000
      24187.50000000          0.00000000
      24225.00000000          0.00000000
      24262.50000000          0.00000000
      24300.00000000          0.00000000
      24337.50000000          0.00000000
      24375.00000000          0.00000000
      24412.50000000          0.00000000
      24450.00000000          0.00000000
      24487.50000000          0.00000000
      24525.00000000          0.00000000
      24562.50000000          0.00000000
      24600.00000000          0.00000000
      24637.50000000          0.00000000
      24675.00000000          0.00000000
      24712.50000000          0.00000000
      24750.00000000          0.00000000
      24787.50000000          0.00000000
      24825.00000000          0.00000000
      24862.50000000          0.00000000
      24900.00000000          0.00000000
      24937.50000000          0.00000000
      24975.00000000          0.00000000
      25012.50000000          0.00000000
      25050.00000000          0.00000000
      25087.50000000          0.00000000
      25125.00000000          0.00000000
      25162.50000000          0.00000000
      25200.00000000          0.00000000
      25237.50000000          0.00000000
      25275.00000000          0.00000000
      25312.50000000          0.00000000
      25350.00000000          0.00000000
      25387.50000000          0.00000000
      25425.00000000          0.00000000
      25462.50000000          0.00000000
      25500.00000000          0.00000000
      25537.50000000          0.00000000
      25575.00000000          0.00000000
      25612.50000000          0.00000000
      25650.00000000          0.00000000
      25687.50000000          0.00000000
      25725.00000000          0.00000000
      25762.50000000          0.00000000
      25800.00000000          0.00000000
      25837.50000000          0.00000000
      25875.00000000          0.00000000
      25912.50000000          0.00000000
      25950.00000000          0.00000000
      25987.50000000          0.00000000
      26025.00000000          0.00000000
      26062.50000000          0.00000000
      26100.00000000          0.00000000
      26137.50000000          0.00000000
      26175.00000000          0.00000000
      26212.50000000          0.00000000
      26250.00000000          0.00000000
      26287.50000000          0.00000000
      26325.00000000          0.00000000
      26362.50000000          0.00000000
      26400.00000000          0.00000000
      26437.50000000          0.00000000
      26475.00000000          0.00000000
      26512.50000000          0.00000000
      26550.00000000          0.00000000
      26587.50000000          0.00000000
      26625.00000000          0.00000000
      26662.50000000          0.00000000
      26700.00000000          0.00000000
      26737.50000000          0.00000000
      26775.00000000          0.00000000
      26812.50000000          0.00000000
      26850.00000000          0.00000000
      26887.50000000          0.00000000
      26925.00000000          0.00000000
      26962.50000000          0.00000000
      27000.00000000          0.00000000
      27037.50000000          0.00000000
      27075.00000000          0.00000000
      27112.50000000          0.00000000
      27150.00000000          0.00000000
      27187.50000000          0.00000000
      27225.00000000          0.00000000
      27262.50000000          0.00000000
      27300.00000000          0.00000000
      27337.50000000          0.00000000
      27375.00000000          0.00000000
      27412.50000000          0.00000000
      27450.00000000          0.00000000
      27487.50000000          0.00000000
      27525.00000000          0.00000000
      27562.50000000          0.00000000
      27600.00000000          0.00000000
      27637.50000000          0.00000000
      27675.00000000          0.00000000
      27712.50000000          0.00000000
      27750.00000000          0.00000000
      27787.50000000          0.00000000
      27825.00000000          0.00000000
      27862.50000000          0.00000000
      27900.00000000          0.00000000
      27937.50000000          0.00000000
      27975.00000000          0.00000000
      28012.50000000          0.00000000
      28050.00000000          0.00000000
      28087.50000000          0.00000000
      28125.00000000          0.00000000
      28162.50000000          0.00000000
      28200.00000000          0.00000000
      28237.50000000          0.00000000
      28275.00000000          0.00000000
      28312.50000000          0.00000000
      28350.00000000          0.00000000
      28387.50000000          0.00000000
      28425.00000000          0.00000000
      28462.50000000          0.00000000
      28500.00000000          0.00000000
      28537.50000000          0.00000000
      28575.00000000          0.00000000
      28612.50000000          0.00000000
      28650.00000000          0.00000000
      28687.50000000          0.00000000
      28725.00000000          0.00000000
      28762.50000000          0.00000000
      28800.00000000          0.00000000
      28837.50000000          0.00000000
      28875.00000000          0.00000000
      28912.50000000          0.00000000
      28950.00000000          0.00000000
      28987.50000000          0.00000000
      29025.00000000          0.00000000
      29062.50000000          0.00000000
      29100.00000000          0.00000000
      29137.50000000          0.00000000
      29175.00000000          0.00000000
      29212.50000000          0.00000000
      29250.00000000          0.00000000
      29287.50000000          0.00000000
      29325.00000000          0.00000000
      29362.50000000          0.00000000
      29400.00000000          0.00000000
      29437.50000000          0.00000000
      29475.00000000          0.00000000
      29512.50000000          0.00000000
      29550.00000000          0.00000000
      29587.50000000          0.00000000
      29625.00000000          0.00000000
      29662.50000000          0.00000000
      29700.00000000          0.00000000
      29737.50000000          0.00000000
      29775.00000000          0.00000000
      29812.50000000          0.00000000
      29850.00000000          0.00000000
      29887.50000000          0.00000000
      29925.00000000          0.00000000
      29962.50000000          0.00000000
      30000.00000000          0.00000000
      30037.50000000          0.00000000
      30075.00000000          0.00000000
      30112.50000000          0.00000000
      30150.00000000          0.00000000
      30187.50000000          0.00000000
      30225.00000000          0.00000000
      30262.50000000          0.00000000
      30300.00000000          0.00000000
      30337.50000000          0.00000000
      30375.00000000          0.00000000
      30412.50000000          0.00000000
      30450.00000000          0.00000000
      30487.50000000          0.00000000
      30525.00000000          0.00000000
      30562.50000000          0.00000000
      30600.00000000          0.00000000
      30637.50000000          0.00000000
      30675.00000000          0.00000000
      30712.50000000          0.00000000
      30750.00000000          0.00000000
      30787.50000000          0.00000000
      30825.00000000          0.00000000
      30862.50000000          0.00000000
      30900.00000000          0.00000000
      30937.50000000          0.00000000
      30975.00000000          0.00000000
      31012.50000000          0.00000000
      31050.00000000          0.00000000
      31087.50000000          0.00000000
      31125.00000000          0.00000000
      31162.50000000          0.00000000
      31200.00000000          0.00000000
      31237.50000000          0.00000000
      31275.00000000          0.00000000
      31312.50000000          0.00000000
      31350.00000000          0.00000000
      31387.50000000          0.00000000
      31425.00000000          0.00000000
      31462.50000000          0.00000000
      31500.00000000          0.00000000
      31537.50000000          0.00000000
      31575.00000000          0.00000000
      31612.50000000          0.00000000
      31650.00000000          0.00000000
      31687.50000000          0.00000000
      31725.00000000          0.00000000
      31762.50000000          0.00000000
      31800.00000000          0.00000000
      31837.50000000          0.00000000
      31875.00000000          0.00000000
      31912.50000000          0.00000000
      31950.00000000          0.00000000
      31987.50000000          0.00000000
      32025.00000000          0.00000000
      32062.50000000          0.00000000
      32100.00000000          0.00000000
      32137.50000000          0.00000000
      32175.00000000          0.00000000
      32212.50000000          0.00000000
      32250.00000000          0.00000000
      32287.50000000          0.00000000
      32325.00000000          0.00000000
      32362.50000000          0.00000000
      32400.00000000          0.00000000
      32437.50000000          0.00000000
      32475.00000000          0.00000000
      32512.50000000          0.00000000
      32550.00000000          0.00000000
      32587.50000000          0.00000000
      32625.00000000          0.00000000
      32662.50000000          0.00000000
      32700.00000000          0.00000000
      32737.50000000          0.00000000
      32775.00000000          0.00000000
      32812.50000000          0.00000000
      32850.00000000          0.00000000
      32887.50000000          0.00000000
      32925.00000000          0.00000000
      32962.50000000          0.00000000
      33000.00000000          0.00000000
      33037.50000000          0.00000000
      33075.00000000          0.00000000
      33112.50000000          0.00000000
      33150.00000000          0.00000000
      33187.50000000          0.00000000
      33225.00000000          0.00000000
      33262.50000000          0.00000000
      33300.00000000          0.00000000
      33337.50000000          0.00000000
      33375.00000000          0.00000000
      33412.50000000          0.00000000
      33450.00000000          0.00000000
      33487.50000000          0.00000000
      33525.00000000          0.00000000
      33562.50000000          0.00000000
      33600.00000000          0.00000000
      33637.50000000          0.00000000
      33675.00000000          0.00000000
      33712.50000000          0.00000000
      33750.00000000          0.00000000
      33787.50000000          0.00000000
      33825.00000000          0.00000000
      33862.50000000          0.00000000
      33900.00000000          0.00000000
      33937.50000000          0.00000000
      33975.00000000          0.00000000
      34012.50000000          0.00000000
      34050.00000000          0.00000000
      34087.50000000          0.00000000
      34125.00000000          0.00000000
      34162.50000000          0.00000000
      34200.00000000          0.00000000
      34237.50000000          0.00000000
      34275.00000000          0.00000000
      34312.50000000          0.00000000
      34350.00000000          0.00000000
      34387.50000000          0.00000000
      34425.00000000          0.00000000
      34462.50000000          0.00000000
      34500.00000000          0.00000000
      34537.50000000          0.00000000
      34575.00000000          0.00000000
      34612.50000000          0.00000000
      34650.00000000          0.00000000
      34687.50000000          0.00000000
      34725.00000000          0.00000000
      34762.50000000          0.00000000
      34800.00000000          0.00000000
      34837.50000000          0.00000000
      34875.00000000          0.00000000
      34912.50000000          0.00000000
      34950.00000000          0.00000000
      34987.50000000          0.00000000
      35025.00000000          0.00000000
      35062.50000000          0.00000000
      35100.00000000          0.00000000
      35137.50000000          0.00000000
      35175.00000000          0.00000000
      35212.50000000          0.00000000
      35250.00000000          0.00000000
      35287.50000000          0.00000000
      35325.00000000          0.00000000
      35362.50000000          0.00000000
      35400.00000000          0.00000000
      35437.50000000          0.00000000
      35475.00000000          0.00000000
      35512.50000000          0.00000000
      35550.00000000          0.00000000
      35587.50000000          0.00000000
      35625.00000000          0.00000000
      35662.50000000          0.00000000
      35700.00000000          0.00000000
      35737.50000000          0.00000000
      35775.00000000          0.00000000
      35812.50000000          0.00000000
      35850.00000000          0.00000000
      35887.50000000          0.00000000
      35925.00000000          0.00000000
      35962.50000000          0.00000000
      36000.00000000          0.00000000
      36037.50000000          0.00000000
      36075.00000000          0.00000000
      36112.50000000          0.00000000
      36150.00000000          0.00000000
      36187.50000000          0.00000000
      36225.00000000          0.00000000
      36262.50000000          0.00000000
      36300.00000000          0.00000000
      36337.50000000          0.00000000
      36375.00000000          0.00000000
      36412.50000000          0.00000000
      36450.00000000          0.00000000
      36487.50000000          0.00000000
      36525.00000000          0.00000000
      36562.50000000          0.00000000
      36600.00000000          0.00000000
      36637.50000000          0.00000000
      36675.00000000          0.00000000
      36712.50000000          0.00000000
      36750.00000000          0.00000000
      36787.50000000          0.00000000
      36825.00000000          0.00000000
      36862.50000000          0.00000000
      36900.00000000          0.00000000
      36937.50000000          0.00000000
      36975.00000000          0.00000000
      37012.50000000          0.00000000
      37050.00000000          0.00000000
      37087.50000000          0.00000000
      37125.00000000          0.00000000
      37162.50000000          0.00000000
      37200.00000000          0.00000000
      37237.50000000          0.00000000
      37275.00000000          0.00000000
      37312.50000000          0.00000000
      37350.00000000          0.00000000
      37387.50000000          0.00000000
      37425.00000000          0.00000000
      37462.50000000          0.00000000
      37500.00000000          0.00000000
      37537.50000000          0.00000000
      37575.00000000          0.00000000
      37612.50000000          0.00000000
      37650.00000000          0.00000000
      37687.50000000          0.00000000
      37725.00000000          0.00000000
      37762.50000000          0.00000000
      37800.00000000          0.00000000
      37837.50000000          0.00000000
      37875.00000000          0.00000000
      37912.50000000          0.00000000
      37950.00000000          0.00000000
      37987.50000000          0.00000000
      38025.00000000          0.00000000
      38062.50000000          0.00000000
      38100.00000000          0.00000000
      38137.50000000          0.00000000
      38175.00000000          0.00000000
      38212.50000000          0.00000000
      38250.00000000          0.00000000
      38287.50000000          0.00000000
      38325.00000000          0.00000000
      38362.50000000          0.00000000
      38400.00000000          0.00000000
      38437.50000000          0.00000000
      38475.00000000          0.00000000
      38512.50000000          0.00000000
      38550.00000000          0.00000000
      38587.50000000          0.00000000
      38625.00000000          0.00000000
      38662.50000000          0.00000000
      38700.00000000          0.00000000
      38737.50000000          0.00000000
      38775.00000000          0.00000000
      38812.50000000          0.00000000
      38850.00000000          0.00000000
      38887.50000000          0.00000000
      38925.00000000          0.00000000
      38962.50000000          0.00000000
      39000.00000000          0.00000000
      39037.50000000          0.00000000
      39075.00000000          0.00000000
      39112.50000000          0.00000000
      39150.00000000          0.00000000
      39187.50000000          0.00000000
      39225.00000000          0.00000000
      39262.50000000          0.00000000
      39300.00000000          0.00000000
      39337.50000000          0.00000000
      39375.00000000          0.00000000
      39412.50000000          0.00000000
      39450.00000000          0.00000000
      39487.50000000          0.00000000
      39525.00000000          0.00000000
      39562.50000000          0.00000000
      39600.00000000          0.00000000
      39637.50000000          0.00000000
      39675.00000000          0.00000000
      39712.50000000          0.00000000
      39750.00000000          0.00000000
      39787.50000000          0.00000000
      39825.00000000          0.00000000
      39862.50000000          0.00000000
      39900.00000000          0.00000000
      39937.50000000          0.00000000
      39975.00000000          0.00000000
      40012.50000000          0.00000000
      40050.00000000          0.00000000
      40087.50000000          0.00000000
      40125.00000000          0.00000000
      40162.50000000          0.00000000
      40200.00000000          0.00000000
      40237.50000000          0.00000000
      40275.00000000          0.00000000
      40312.50000000          0.00000000
      40350.00000000          0.00000000
      40387.50000000          0.00000000
      40425.00000000          0.00000000
      40462.50000000          0.00000000
      40500.00000000          0.00000000
      40537.50000000          0.00000000
      40575.00000000          0.00000000
      40612.50000000          0.00000000
      40650.00000000          0.00000000
      40687.50000000          0.00000000
      40725.00000000          0.00000000
      40762.50000000          0.00000000
      40800.00000000          0.00000000
      40837.50000000          0.00000000
      40875.00000000          0.00000000
      40912.50000000          0.00000000
      40950.00000000          0.00000000
      40987.50000000          0.00000000
      41025.00000000          0.00000000
      41062.50000000          0.00000000
      41100.00000000          0.00000000
      41137.50000000          0.00000000
      41175.00000000          0.00000000
      41212.50000000          0.00000000
      41250.00000000          0.00000000
      41287.50000000          0.00000000
      41325.00000000          0.00000000
      41362.50000000          0.00000000
      41400.00000000          0.00000000
      41437.50000000          0.00000000
      41475.00000000          0.00000000
      41512.50000000          0.00000000
      41550.00000000          0.00000000
      41587.50000000          0.00000000
      41625.00000000          0.00000000
      41662.50000000          0.00000000
      41700.00000000          0.00000000
      41737.50000000          0.00000000
      41775.00000000          0.00000000
      41812.50000000          0.00000000
      41850.00000000          0.00000000
      41887.50000000          0.00000000
      41925.00000000          0.00000000
      41962.50000000          0.00000000
      42000.00000000          0.00000000
      42037.50000000          0.00000000
      42075.00000000          0.00000000
      42112.50000000          0.00000000
      42150.00000000          0.00000000
      42187.50000000          0.00000000
      42225.00000000          0.00000000
      42262.50000000          0.00000000
      42300.00000000          0.00000000
      42337.50000000          0.00000000
      42375.00000000          0.00000000
      42412.50000000          0.00000000
      42450.00000000          0.00000000
      42487.50000000          0.00000000
      42525.00000000          0.00000000
      42562.50000000          0.00000000
      42600.00000000          0.00000000
      42637.50000000          0.00000000
      42675.00000000          0.00000000
      42712.50000000          0.00000000
      42750.00000000          0.00000000
      42787.50000000          0.00000000
      42825.00000000          0.00000000
      42862.50000000          0.00000000
      42900.00000000          0.00000000
      42937.50000000          0.00000000
      42975.00000000          0.00000000
      43012.50000000          0.00000000
      43050.00000000          0.00000000
      43087.50000000          0.00000000
      43125.00000000          0.00000000
      43162.50000000          0.00000000
      43200.00000000          0.00000000
      43237.50000000          0.00000000
      43275.00000000          0.00000000
      43312.50000000          0.00000000
      43350.00000000          0.00000000
      43387.50000000          0.00000000
      43425.00000000          0.00000000
      43462.50000000          0.00000000
      43500.00000000          0.00000000
      43537.50000000          0.00000000
      43575.00000000          0.00000000
      43612.50000000          0.00000000
      43650.00000000          0.00000000
      43687.50000000          0.00000000
      43725.00000000          0.00000000
      43762.50000000          0.00000000
      43800.00000000          0.00000000
      43837.50000000          0.00000000
      43875.00000000          0.00000000
      43912.50000000          0.00000000
      43950.00000000          0.00000000
      43987.50000000          0.00000000
      44025.00000000          0.00000000
      44062.50000000          0.00000000
      44100.00000000          0.00000000
      44137.50000000          0.00000000
      44175.00000000          0.00000000
      44212.50000000          0.00000000
      44250.00000000          0.00000000
      44287.50000000          0.00000000
      44325.00000000          0.00000000
      44362.50000000          0.00000000
      44400.00000000          0.00000000
      44437.50000000          0.00000000
      44475.00000000          0.00000000
      44512.50000000          0.00000000
      44550.00000000          0.00000000
      44587.50000000          0.00000000
      44625.00000000          0.00000000
      44662.50000000          0.00000000
      44700.00000000          0.00000000
      44737.50000000          0.00000000
      44775.00000000          0.00000000
      44812.50000000          0.00000000
      44850.00000000          0.00000000
      44887.50000000          0.00000000
      44925.00000000          0.00000000
      44962.50000000          0.00000000
      45000.00000000          0.00000000
      45037.50000000          0.00000000
      45075.00000000          0.00000000
      45112.50000000          0.00000000
      45150.00000000          0.00000000
      45187.50000000          0.00000000
      45225.00000000          0.00000000
      45262.50000000          0.00000000
      45300.00000000          0.00000000
      45337.50000000          0.00000000
      45375.00000000          0.00000000
      45412.50000000          0.00000000
      45450.00000000          0.00000000
      45487.50000000          0.00000000
      45525.00000000          0.00000000
      45562.50000000          0.00000000
      45600.00000000          0.00000000
      45637.50000000          0.00000000
      45675.00000000          0.00000000
      45712.50000000          0.00000000
      45750.00000000          0.00000000
      45787.50000000          0.00000000
      45825.00000000          0.00000000
      45862.50000000          0.00000000
      45900.00000000          0.00000000
      45937.50000000          0.00000000
      45975.00000000          0.00000000
      46012.50000000          0.00000000
      46050.00000000          0.00000000
      46087.50000000          0.00000000
      46125.00000000          0.00000000
      46162.50000000          0.00000000
      46200.00000000          0.00000000
      46237.50000000          0.00000000
      46275.00000000          0.00000000
      46312.50000000          0.00000000
      46350.00000000          0.00000000
      46387.50000000          0.00000000
      46425.00000000          0.00000000
      46462.50000000          0.00000000
      46500.00000000          0.00000000
      46537.50000000          0.00000000
      46575.00000000          0.00000000
      46612.50000000          0.00000000
      46650.00000000          0.00000000
      46687.50000000          0.00000000
      46725.00000000          0.00000000
      46762.50000000          0.00000000
      46800.00000000          0.00000000
      46837.50000000          0.00000000
      46875.00000000          0.00000000
      46912.50000000          0.00000000
      46950.00000000          0.00000000
      46987.50000000          0.00000000
      47025.00000000          0.00000000
      47062.50000000          0.00000000
      47100.00000000          0.00000000
      47137.50000000          0.00000000
      47175.00000000          0.00000000
      47212.50000000          0.00000000
      47250.00000000          0.00000000
      47287.50000000          0.00000000
      47325.00000000          0.00000000
      47362.50000000          0.00000000
      47400.00000000          0.00000000
      47437.50000000          0.00000000
      47475.00000000          0.00000000
      47512.50000000          0.00000000
      47550.00000000          0.00000000
      47587.50000000          0.00000000
      47625.00000000          0.00000000
      47662.50000000          0.00000000
      47700.00000000          0.00000000
      47737.50000000          0.00000000
      47775.00000000          0.00000000
      47812.50000000          0.00000000
      47850.00000000          0.00000000
      47887.50000000          0.00000000
      47925.00000000          0.00000000
      47962.50000000          0.00000000
      48000.00000000          0.00000000
      48037.50000000          0.00000000
      48075.00000000          0.00000000
      48112.50000000          0.00000000
      48150.00000000          0.00000000
      48187.50000000          0.00000000
      48225.00000000          0.00000000
      48262.50000000          0.00000000
      48300.00000000          0.00000000
      48337.50000000          0.00000000
      48375.00000000          0.00000000
      48412.50000000          0.00000000
      48450.00000000          0.00000000
      48487.50000000          0.00000000
      48525.00000000          0.00000000
      48562.50000000          0.00000000
      48600.00000000          0.00000000
      48637.50000000          0.00000000
      48675.00000000          0.00000000
      48712.50000000          0.00000000
      48750.00000000          0.00000000
      48787.50000000          0.00000000
      48825.00000000          0.00000000
      48862.50000000          0.00000000
      48900.00000000          0.00000000
      48937.50000000          0.00000000
      48975.00000000          0.00000000
      49012.50000000          0.00000000
      49050.00000000          0.00000000
      49087.50000000          0.00000000
      49125.00000000          0.00000000
      49162.50000000          0.00000000
      49200.00000000          0.00000000
      49237.50000000          0.00000000
      49275.00000000          0.00000000
      49312.50000000          0.00000000
      49350.00000000          0.00000000
      49387.50000000          0.00000000
      49425.00000000          0.00000000
      49462.50000000          0.00000000
      49500.00000000          0.00000000
      49537.50000000          0.00000000
      49575.00000000          0.00000000
      49612.50000000          0.00000000
      49650.00000000          0.00000000
      49687.50000000          0.00000000
      49725.00000000          0.00000000
      49762.50000000          0.00000000
      49800.00000000          0.00000000
      49837.50000000          0.00000000
      49875.00000000          0.00000000
      49912.50000000          0.00000000
      49950.00000000          0.00000000
      49987.50000000          0.00000000
      50025.00000000          0.00000000
      50062.50000000          0.00000000
      50100.00000000          0.00000000
      50137.50000000          0.00000000
      50175.00000000          0.00000000
      50212.50000000          0.00000000
      50250.00000000          0.00000000
      50287.50000000          0.00000000
      50325.00000000          0.00000000
      50362.50000000          0.00000000
      50400.00000000          0.00000000
      50437.50000000          0.00000000
      50475.00000000          0.00000000
      50512.50000000          0.00000000
      50550.00000000          0.00000000
      50587.50000000          0.00000000
      50625.00000000          0.00000000
      50662.50000000          0.00000000
      50700.00000000          0.00000000
      50737.50000000          0.00000000
      50775.00000000          0.00000000
      50812.50000000          0.00000000
      50850.00000000          0.00000000
      50887.50000000          0.00000000
      50925.00000000          0.00000000
      50962.50000000          0.00000000
      51000.00000000          0.00000000
      51037.50000000          0.00000000
      51075.00000000          0.00000000
      51112.50000000          0.00000000
      51150.00000000          0.00000000
      51187.50000000          0.00000000
      51225.00000000          0.00000000
      51262.50000000          0.00000000
      51300.00000000          0.00000000
      51337.50000000          0.00000000
      51375.00000000          0.00000000
      51412.50000000          0.00000000
      51450.00000000          0.00000000
      51487.50000000          0.00000000
      51525.00000000          0.00000000
      51562.50000000          0.00000000
      51600.00000000          0.00000000
      51637.50000000          0.00000000
      51675.00000000          0.00000000
      51712.50000000          0.00000000
      51750.00000000          0.00000000
      51787.50000000          0.00000000
      51825.00000000          0.00000000
      51862.50000000          0.00000000
      51900.00000000          0.00000000
      51937.50000000          0.00000000
      51975.00000000          0.00000000
      52012.50000000          0.00000000
      52050.00000000          0.00000000
      52087.50000000          0.00000000
      52125.00000000          0.00000000
      52162.50000000          0.00000000
      52200.00000000          0.00000000
      52237.50000000          0.00000000
      52275.00000000          0.00000000
      52312.50000000          0.00000000
      52350.00000000          0.00000000
      52387.50000000          0.00000000
      52425.00000000          0.00000000
      52462.50000000          0.00000000
      52500.00000000          0.00000000
      52537.50000000          0.00000000
      52575.00000000          0.00000000
      52612.50000000          0.00000000
      52650.00000000          0.00000000
      52687.50000000          0.00000000
      52725.00000000          0.00000000
      52762.50000000          0.00000000
      52800.00000000          0.00000000
      52837.50000000          0.00000000
      52875.00000000          0.00000000
      52912.50000000          0.00000000
      52950.00000000          0.00000000
      52987.50000000          0.00000000
      53025.00000000          0.00000000
      53062.50000000          0.00000000
      53100.00000000          0.00000000
      53137.50000000          0.00000000
      53175.00000000          0.00000000
      53212.50000000          0.00000000
      53250.00000000          0.00000000
      53287.50000000          0.00000000
      53325.00000000          0.00000000
      53362.50000000          0.00000000
      53400.00000000          0.00000000
      53437.50000000          0.00000000
      53475.00000000          0.00000000
      53512.50000000          0.00000000
      53550.00000000          0.00000000
      53587.50000000          0.00000000
      53625.00000000          0.00000000
      53662.50000000          0.00000000
      53700.00000000          0.00000000
      53737.50000000          0.00000000
      53775.00000000          0.00000000
      53812.50000000          0.00000000
      53850.00000000          0.00000000
      53887.50000000          0.00000000
      53925.00000000          0.00000000
      53962.50000000          0.00000000
      54000.00000000          0.00000000
      54037.50000000          0.00000000
      54075.00000000          0.00000000
      54112.50000000          0.00000000
      54150.00000000          0.00000000
      54187.50000000          0.00000000
      54225.00000000          0.00000000
      54262.50000000          0.00000000
      54300.00000000          0.00000000
      54337.50000000          0.00000000
      54375.00000000          0.00000000
      54412.50000000          0.00000000
      54450.00000000          0.00000000
      54487.50000000          0.00000000
      54525.00000000          0.00000000
      54562.50000000          0.00000000
      54600.00000000          0.00000000
      54637.50000000          0.00000000
      54675.00000000          0.00000000
      54712.50000000          0.00000000
      54750.00000000          0.00000000
      54787.50000000          0.00000000
      54825.00000000          0.00000000
      54862.50000000          0.00000000
      54900.00000000          0.00000000
      54937.50000000          0.00000000
      54975.00000000          0.00000000
      55012.50000000          0.00000000
      55050.00000000          0.00000000
      55087.50000000          0.00000000
      55125.00000000          0.00000000
      55162.50000000          0.00000000
      55200.00000000          0.00000000
      55237.50000000          0.00000000
      55275.00000000          0.00000000
      55312.50000000          0.00000000
      55350.00000000          0.00000000
      55387.50000000          0.00000000
      55425.00000000          0.00000000
      55462.50000000          0.00000000
      55500.00000000          0.00000000
      55537.50000000          0.00000000
      55575.00000000          0.00000000
      55612.50000000          0.00000000
      55650.00000000          0.00000000
      55687.50000000          0.00000000
      55725.00000000          0.00000000
      55762.50000000          0.00000000
      55800.00000000          0.00000000
      55837.50000000          0.00000000
      55875.00000000          0.00000000
      55912.50000000          0.00000000
      55950.00000000          0.00000000
      55987.50000000          0.00000000
      56025.00000000          0.00000000
      56062.50000000          0.00000000
      56100.00000000          0.00000000
      56137.50000000          0.00000000
      56175.00000000          0.00000000
      56212.50000000          0.00000000
      56250.00000000          0.00000000
      56287.50000000          0.00000000
      56325.00000000          0.00000000
      56362.50000000          0.00000000
      56400.00000000          0.00000000
      56437.50000000          0.00000000
      56475.00000000          0.00000000
      56512.50000000          0.00000000
      56550.00000000          0.00000000
      56587.50000000          0.00000000
      56625.00000000          0.00000000
      56662.50000000          0.00000000
      56700.00000000          0.00000000
      56737.50000000          0.00000000
      56775.00000000          0.00000000
      56812.50000000          0.00000000
      56850.00000000          0.00000000
      56887.50000000          0.00000000
      56925.00000000          0.00000000
      56962.50000000          0.00000000
      57000.00000000          0.00000000
      57037.50000000          0.00000000
      57075.00000000          0.00000000
      57112.50000000          0.00000000
      57150.00000000          0.00000000
      57187.50000000          0.00000000
      57225.00000000          0.00000000
      57262.50000000          0.00000000
      57300.00000000          0.00000000
      57337.50000000          0.00000000
      57375.00000000          0.00000000
      57412.50000000          0.00000000
      57450.00000000          0.00000000
      57487.50000000          0.00000000
      57525.00000000          0.00000000
      57562.50000000          0.00000000
      57600.00000000          0.00000000
      57637.50000000          0.00000000
      57675.00000000          0.00000000
      57712.50000000          0.00000000
      57750.00000000          0.00000000
      57787.50000000          0.00000000
      57825.00000000          0.00000000
      57862.50000000          0.00000000
      57900.00000000          0.00000000
      57937.50000000          0.00000000
      57975.00000000          0.00000000
      58012.50000000          0.00000000
      58050.00000000          0.00000000
      58087.50000000          0.00000000
      58125.00000000          0.00000000
      58162.50000000          0.00000000
      58200.00000000          0.00000000
      58237.50000000          0.00000000
      58275.00000000          0.00000000
      58312.50000000          0.00000000
      58350.00000000          0.00000000
      58387.50000000          0.00000000
      58425.00000000          0.00000000
      58462.50000000          0.00000000
      58500.00000000          0.00000000
      58537.50000000          0.00000000
      58575.00000000          0.00000000
      58612.50000000          0.00000000
      58650.00000000          0.00000000
      58687.50000000          0.00000000
      58725.00000000          0.00000000
      58762.50000000          0.00000000
      58800.00000000          0.00000000
      58837.50000000          0.00000000
      58875.00000000          0.00000000
      58912.50000000          0.00000000
      58950.00000000          0.00000000
      58987.50000000          0.00000000
      59025.00000000          0.00000000
      59062.50000000          0.00000000
      59100.00000000          0.00000000
      59137.50000000          0.00000000
      59175.00000000          0.00000000
      59212.50000000          0.00000000
      59250.00000000          0.00000000
      59287.50000000          0.00000000
      59325.00000000          0.00000000
      59362.50000000          0.00000000
      59400.00000000          0.00000000
      59437.50000000          0.00000000
      59475.00000000          0.00000000
      59512.50000000          0.00000000
      59550.00000000          0.00000000
      59587.50000000          0.00000000
      59625.00000000          0.00000000
      59662.50000000          0.00000000
      59700.00000000          0.00000000
      59737.50000000          0.00000000
      59775.00000000          0.00000000
      59812.50000000          0.00000000
      59850.00000000          0.00000000
      59887.50000000          0.00000000
      59925.00000000          0.00000000
      59962.50000000          0.00000000
      60000.00000000          0.00000000
      60037.50000000          0.00000000
      60075.00000000          0.00000000
      60112.50000000          0.00000000
      60150.00000000          0.00000000
      60187.50000000          0.00000000
      60225.00000000          0.00000000
      60262.50000000          0.00000000
      60300.00000000          0.00000000
      60337.50000000          0.00000000
      60375.00000000          0.00000000
      60412.50000000          0.00000000
      60450.00000000          0.00000000
      60487.50000000          0.00000000
      60525.00000000          0.00000000
      60562.50000000          0.00000000
      60600.00000000          0.00000000
      60637.50000000          0.00000000
      60675.00000000          0.00000000
      60712.50000000          0.00000000
      60750.00000000          0.00000000
      60787.50000000          0.00000000
      60825.00000000          0.00000000
      60862.50000000          0.00000000
      60900.00000000          0.00000000
      60937.50000000          0.00000000
      60975.00000000          0.00000000
      61012.50000000          0.00000000
      61050.00000000          0.00000000
      61087.50000000          0.00000000
      61125.00000000          0.00000000
      61162.50000000          0.00000000
      61200.00000000          0.00000000
      61237.50000000          0.00000000
      61275.00000000          0.00000000
      61312.50000000          0.00000000
      61350.00000000          0.00000000
      61387.50000000          0.00000000
      61425.00000000          0.00000000
      61462.50000000          0.00000000
      61500.00000000          0.00000000
      61537.50000000          0.00000000
      61575.00000000          0.00000000
      61612.50000000          0.00000000
      61650.00000000          0.00000000
      61687.50000000          0.00000000
      61725.00000000          0.00000000
      61762.50000000          0.00000000
      61800.00000000          0.00000000
      61837.50000000          0.00000000
      61875.00000000          0.00000000
      61912.50000000          0.00000000
      61950.00000000          0.00000000
      61987.50000000          0.00000000
      62025.00000000          0.00000000
      62062.50000000          0.00000000
      62100.00000000          0.00000000
      62137.50000000          0.00000000
      62175.00000000          0.00000000
      62212.50000000          0.00000000
      62250.00000000          0.00000000
      62287.50000000          0.00000000
      62325.00000000          0.00000000
      62362.50000000          0.00000000
      62400.00000000          0.00000000
      62437.50000000          0.00000000
      62475.00000000          0.00000000
      62512.50000000          0.00000000
      62550.00000000          0.00000000
      62587.50000000          0.00000000
      62625.00000000          0.00000000
      62662.50000000          0.00000000
      62700.00000000          0.00000000
      62737.50000000          0.00000000
      62775.00000000          0.00000000
      62812.50000000          0.00000000
      62850.00000000          0.00000000
      62887.50000000          0.00000000
      62925.00000000          0.00000000
      62962.50000000          0.00000000
      63000.00000000          0.00000000
      63037.50000000          0.00000000
      63075.00000000          0.00000000
      63112.50000000          0.00000000
      63150.00000000          0.00000000
      63187.50000000          0.00000000
      63225.00000000          0.00000000
      63262.50000000          0.00000000
      63300.00000000          0.00000000
      63337.50000000          0.00000000
      63375.00000000          0.00000000
      63412.50000000          0.00000000
      63450.00000000          0.00000000
      63487.50000000          0.00000000
      63525.00000000          0.00000000
      63562.50000000          0.00000000
      63600.00000000          0.00000000
      63637.50000000          0.00000000
      63675.00000000          0.00000000
      63712.50000000          0.00000000
      63750.00000000          0.00000000
      63787.50000000          0.00000000
      63825.00000000          0.00000000
      63862.50000000          0.00000000
      63900.00000000          0.00000000
      63937.50000000          0.00000000
      63975.00000000          0.00000000
      64012.50000000          0.00000000
      64050.00000000          0.00000000
      64087.50000000          0.00000000
      64125.00000000          0.00000000
      64162.50000000          0.00000000
      64200.00000000          0.00000000
      64237.50000000          0.00000000
      64275.00000000          0.00000000
      64312.50000000          0.00000000
      64350.00000000          0.00000000
      64387.50000000          0.00000000
      64425.00000000          0.00000000
      64462.50000000          0.00000000
      64500.00000000          0.00000000
      64537.50000000          0.00000000
      64575.00000000          0.00000000
      64612.50000000          0.00000000
      64650.00000000          0.00000000
      64687.50000000          0.00000000
      64725.00000000          0.00000000
      64762.50000000          0.00000000
      64800.00000000          0.00000000
      64837.50000000          0.00000000
      64875.00000000          0.00000000
      64912.50000000          0.00000000
      64950.00000000          0.00000000
      64987.50000000          0.00000000
      65025.00000000          0.00000000
      65062.50000000          0.00000000
      65100.00000000          0.00000000
      65137.50000000          0.00000000
      65175.00000000          0.00000000
      65212.50000000          0.00000000
      65250.00000000          0.00000000
      65287.50000000          0.00000000
      65325.00000000          0.00000000
      65362.50000000          0.00000000
      65400.00000000          0.00000000
      65437.50000000          0.00000000
      65475.00000000          0.00000000
      65512.50000000          0.00000000
      65550.00000000          0.00000000
      65587.50000000          0.00000000
      65625.00000000          0.00000000
      65662.50000000          0.00000000
      65700.00000000          0.00000000
      65737.50000000          0.00000000
      65775.00000000          0.00000000
      65812.50000000          0.00000000
      65850.00000000          0.00000000
      65887.50000000          0.00000000
      65925.00000000          0.00000000
      65962.50000000          0.00000000
      66000.00000000          0.00000000
      66037.50000000          0.00000000
      66075.00000000          0.00000000
      66112.50000000          0.00000000
      66150.00000000          0.00000000
      66187.50000000          0.00000000
      66225.00000000          0.00000000
      66262.50000000          0.00000000
      66300.00000000          0.00000000
      66337.50000000          0.00000000
      66375.00000000          0.00000000
      66412.50000000          0.00000000
      66450.00000000          0.00000000
      66487.50000000          0.00000000
      66525.00000000          0.00000000
      66562.50000000          0.00000000
      66600.00000000          0.00000000
      66637.50000000          0.00000000
      66675.00000000          0.00000000
      66712.50000000          0.00000000
      66750.00000000          0.00000000
      66787.50000000          0.00000000
      66825.00000000          0.00000000
      66862.50000000          0.00000000
      66900.00000000          0.00000000
      66937.50000000          0.00000000
      66975.00000000          0.00000000
      67012.50000000          0.00000000
      67050.00000000          0.00000000
      67087.50000000          0.00000000
      67125.00000000          0.00000000
      67162.50000000          0.00000000
      67200.00000000          0.00000000
      67237.50000000          0.00000000
      67275.00000000          0.00000000
      67312.50000000          0.00000000
      67350.00000000          0.00000000
      67387.50000000          0.00000000
      67425.00000000          0.00000000
      67462.50000000          0.00000000
      67500.00000000          0.00000000
      67537.50000000          0.00000000
      67575.00000000          0.00000000
      67612.50000000          0.00000000
      67650.00000000          0.00000000
      67687.50000000          0.00000000
      67725.00000000          0.00000000
      67762.50000000          0.00000000
      67800.00000000          0.00000000
      67837.50000000          0.00000000
      67875.00000000          0.00000000
      67912.50000000          0.00000000
      67950.00000000          0.00000000
      67987.50000000          0.00000000
      68025.00000000          0.00000000
      68062.50000000          0.00000000
      68100.00000000          0.00000000
      68137.50000000          0.00000000
      68175.00000000          0.00000000
      68212.50000000          0.00000000
      68250.00000000          0.00000000
      68287.50000000          0.00000000
      68325.00000000          0.00000000
      68362.50000000          0.00000000
      68400.00000000          0.00000000
      68437.50000000          0.00000000
      68475.00000000          0.00000000
      68512.50000000          0.00000000
      68550.00000000          0.00000000
      68587.50000000          0.00000000
      68625.00000000          0.00000000
      68662.50000000          0.00000000
      68700.00000000          0.00000000
      68737.50000000          0.00000000
      68775.00000000          0.00000000
      68812.50000000          0.00000000
      68850.00000000          0.00000000
      68887.50000000          0.00000000
      68925.00000000          0.00000000
      68962.50000000          0.00000000
      69000.00000000          0.00000000
      69037.50000000          0.00000000
      69075.00000000          0.00000000
      69112.50000000          0.00000000
      69150.00000000          0.00000000
      69187.50000000          0.00000000
      69225.00000000          0.00000000
      69262.50000000          0.00000000
      69300.00000000          0.00000000
      69337.50000000          0.00000000
      69375.00000000          0.00000000
      69412.50000000          0.00000000
      69450.00000000          0.00000000
      69487.50000000          0.00000000
      69525.00000000          0.00000000
      69562.50000000          0.00000000
      69600.00000000          0.00000000
      69637.50000000          0.00000000
      69675.00000000          0.00000000
      69712.50000000          0.00000000
      69750.00000000          0.00000000
      69787.50000000          0.00000000
      69825.00000000          0.00000000
      69862.50000000          0.00000000
      69900.00000000          0.00000000
      69937.50000000          0.00000000
      69975.00000000          0.00000000
      70012.50000000          0.00000000
      70050.00000000          0.00000000
      70087.50000000          0.00000000
      70125.00000000          0.00000000
      70162.50000000          0.00000000
      70200.00000000          0.00000000
      70237.50000000          0.00000000
      70275.00000000          0.00000000
      70312.50000000          0.00000000
      70350.00000000          0.00000000
      70387.50000000          0.00000000
      70425.00000000          0.00000000
      70462.50000000          0.00000000
      70500.00000000          0.00000000
      70537.50000000          0.00000000
      70575.00000000          0.00000000
      70612.50000000          0.00000000
      70650.00000000          0.00000000
      70687.50000000          0.00000000
      70725.00000000          0.00000000
      70762.50000000          0.00000000
      70800.00000000          0.00000000
      70837.50000000          0.00000000
      70875.00000000          0.00000000
      70912.50000000          0.00000000
      70950.00000000          0.00000000
      70987.50000000          0.00000000
      71025.00000000          0.00000000
      71062.50000000          0.00000000
      71100.00000000          0.00000000
      71137.50000000          0.00000000
      71175.00000000          0.00000000
      71212.50000000          0.00000000
      71250.00000000          0.00000000
      71287.50000000          0.00000000
      71325.00000000          0.00000000
      71362.50000000          0.00000000
      71400.00000000          0.00000000
      71437.50000000          0.00000000
      71475.00000000          0.00000000
      71512.50000000          0.00000000
      71550.00000000          0.00000000
      71587.50000000          0.00000000
      71625.00000000          0.00000000
      71662.50000000          0.00000000
      71700.00000000          0.00000000
      71737.50000000          0.00000000
      71775.00000000          0.00000000
      71812.50000000          0.00000000
      71850.00000000          0.00000000
      71887.50000000          0.00000000
      71925.00000000          0.00000000
      71962.50000000          0.00000000
      72000.00000000          0.00000000
      72037.50000000          0.00000000
      72075.00000000          0.00000000
      72112.50000000          0.00000000
      72150.00000000          0.00000000
      72187.50000000          0.00000000
      72225.00000000          0.00000000
      72262.50000000          0.00000000
      72300.00000000          0.00000000
      72337.50000000          0.00000000
      72375.00000000          0.00000000
      72412.50000000          0.00000000
      72450.00000000          0.00000000
      72487.50000000          0.00000000
      72525.00000000          0.00000000
      72562.50000000          0.00000000
      72600.00000000          0.00000000
      72637.50000000          0.00000000
      72675.00000000          0.00000000
      72712.50000000          0.00000000
      72750.00000000          0.00000000
      72787.50000000          0.00000000
      72825.00000000          0.00000000
      72862.50000000          0.00000000
      72900.00000000          0.00000000
      72937.50000000          0.00000000
      72975.00000000          0.00000000
      73012.50000000          0.00000000
      73050.00000000          0.00000000
      73087.50000000          0.00000000
      73125.00000000          0.00000000
      73162.50000000          0.00000000
      73200.00000000          0.00000000
      73237.50000000          0.00000000
      73275.00000000          0.00000000
      73312.50000000          0.00000000
      73350.00000000          0.00000000
      73387.50000000          0.00000000
      73425.00000000          0.00000000
      73462.50000000          0.00000000
      73500.00000000          0.00000000
      73537.50000000          0.00000000
      73575.00000000          0.00000000
      73612.50000000          0.00000000
      73650.00000000          0.00000000
      73687.50000000          0.00000000
      73725.00000000          0.00000000
      73762.50000000          0.00000000
      73800.00000000          0.00000000
      73837.50000000          0.00000000
      73875.00000000          0.00000000
      73912.50000000          0.00000000
      73950.00000000          0.00000000
      73987.50000000          0.00000000
      74025.00000000          0.00000000
      74062.50000000          0.00000000
      74100.00000000          0.00000000
      74137.50000000          0.00000000
      74175.00000000          0.00000000
      74212.50000000          0.00000000
      74250.00000000          0.00000000
      74287.50000000          0.00000000
      74325.00000000          0.00000000
      74362.50000000          0.00000000
      74400.00000000          0.00000000
      74437.50000000          0.00000000
      74475.00000000          0.00000000
      74512.50000000          0.00000000
      74550.00000000          0.00000000
      74587.50000000          0.00000000
      74625.00000000          0.00000000
      74662.50000000          0.00000000
      74700.00000000          0.00000000
      74737.50000000          0.00000000
      74775.00000000          0.00000000
      74812.50000000          0.00000000
      74850.00000000          0.00000000
      74887.50000000          0.00000000
      74925.00000000          0.00000000
      74962.50000000          0.00000000
