          0.00000000     119487.46093750
         75.00000000          0.15947458
        150.00000000       6098.87451172
        225.00000000          0.00626001
        300.00000000          5.19030237
        375.00000000          0.00750927
        450.00000000       1467.94531250
        525.00000000          0.59210855
        600.00000000          0.00002338
        675.00000000          2.09029603
        750.00000000       7785.82714844
        825.00000000          0.81929588
        900.00000000      21616.66015625
        975.00000000          1.47364271
       1050.00000000      13086.96972656
       1125.00000000         13.14098835
       1200.00000000          0.00029722
       1275.00000000         17.77735329
       1350.00000000      14561.02734375
       1425.00000000          3.72709966
       1500.00000000      27528.58203125
       1575.00000000          4.16443396
       1650.00000000      12184.43945312
       1725.00000000         24.95433044
       1800.00000000          0.00047010
       1875.00000000         23.65209579
       1950.00000000       7829.54736328
       2025.00000000          3.53656077
       2100.00000000      11252.24804688
       2175.00000000          2.81126761
       2250.00000000       3699.94628906
       2325.00000000         11.68726444
       2400.00000000          0.00018135
       2475.00000000          7.24184084
       2550.00000000       1087.63964844
       2625.00000000          0.62421256
       2700.00000000        831.28765869
       2775.00000000          0.21149710
       2850.00000000         84.82939911
       2925.00000000          0.11509807
       3000.00000000          0.00000001
       3075.00000000          0.13773751
       3150.00000000         64.75297546
       3225.00000000          0.16930844
       3300.00000000        391.23519897
       3375.00000000          0.39026499
       3450.00000000        331.31408691
       3525.00000000          3.62715030
       3600.00000000          0.00008135
       3675.00000000          4.75057030
       3750.00000000        488.46060181
       3825.00000000          0.93762225
       3900.00000000        986.73211670
       3975.00000000          0.97927010
       4050.00000000        458.59265137
       4125.00000000          5.51434803
       4200.00000000          0.00010183
       4275.00000000          4.98477602
       4350.00000000        325.16711426
       4425.00000000          0.72858405
       4500.00000000        503.32330322
       4575.00000000          0.58769470
       4650.00000000        185.13597107
       4725.00000000          2.62388301
       4800.00000000          0.00004307
       4875.00000000          1.91215253
       4950.00000000         86.71152496
       5025.00000000          0.22764401
       5100.00000000        110.58337402
       5175.00000000          0.15044853
       5250.00000000         33.63368607
       5325.00000000          0.55180442
       5400.00000000          0.00000822
       5475.00000000          0.33057016
       5550.00000000         10.79141235
       5625.00000000          0.03235539
       5700.00000000         11.39217377
       5775.00000000          0.01761334
       5850.00000000          2.87949443
       5925.00000000          0.05364549
       6000.00000000          0.00000073
       6075.00000000          0.02728543
       6150.00000000          0.67799741
       6225.00000000          0.00238369
       6300.00000000          0.66916597
       6375.00000000          0.00127623
       6450.00000000          0.17952944
       6525.00000000          0.00448057
       6600.00000000          0.00000007
       6675.00000000          0.00323486
       6750.00000000          0.08574365
       6825.00000000          0.00048850
       6900.00000000          0.15740724
       6975.00000000          0.00050322
       7050.00000000          0.08183689
       7125.00000000          0.00330394
       7200.00000000          0.00000007
       7275.00000000          0.00384147
       7350.00000000          0.10078166
       7425.00000000          0.00076361
       7500.00000000          0.22203062
       7575.00000000          0.00086590
       7650.00000000          0.11929204
       7725.00000000          0.00556558
       7800.00000000          0.00000011
       7875.00000000          0.00596441
       7950.00000000          0.12674360
       8025.00000000          0.00106765
       8100.00000000          0.25152549
       8175.00000000          0.00108836
       8250.00000000          0.12219228
       8325.00000000          0.00633758
       8400.00000000          0.00000012
       8475.00000000          0.00622898
       8550.00000000          0.10982873
       8625.00000000          0.00103655
       8700.00000000          0.20450707
       8775.00000000          0.00099523
       8850.00000000          0.09440738
       8925.00000000          0.00552696
       9000.00000000          0.00000010
       9075.00000000          0.00523603
       9150.00000000          0.07918075
       9225.00000000          0.00084784
       9300.00000000          0.14435095
       9375.00000000          0.00079819
       9450.00000000          0.06569949
       9525.00000000          0.00437333
       9600.00000000          0.00000008
       9675.00000000          0.00410926
       9750.00000000          0.05439895
       9825.00000000          0.00066238
       9900.00000000          0.09907784
       9975.00000000          0.00062261
      10050.00000000          0.04515654
      10125.00000000          0.00341319
      10200.00000000          0.00000006
      10275.00000000          0.00321274
      10350.00000000          0.03765698
      10425.00000000          0.00051935
      10500.00000000          0.06891024
      10575.00000000          0.00048969
      10650.00000000          0.03156624
      10725.00000000          0.00269404
      10800.00000000          0.00000005
      10875.00000000          0.00254483
      10950.00000000          0.02659528
      11025.00000000          0.00041277
      11100.00000000          0.04890980
      11175.00000000          0.00039065
      11250.00000000          0.02251285
      11325.00000000          0.00215602
      11400.00000000          0.00000004
      11475.00000000          0.00204296
      11550.00000000          0.01914089
      11625.00000000          0.00033243
      11700.00000000          0.03535358
      11775.00000000          0.00031547
      11850.00000000          0.01634033
      11925.00000000          0.00174581
      12000.00000000          0.00000003
      12075.00000000          0.00165898
      12150.00000000          0.01400318
      12225.00000000          0.00027061
      12300.00000000          0.02596149
      12375.00000000          0.00025739
      12450.00000000          0.01204351
      12525.00000000          0.00142834
      12600.00000000          0.00000003
      12675.00000000          0.00136053
      12750.00000000          0.01039397
      12825.00000000          0.00022242
      12900.00000000          0.01933630
      12975.00000000          0.00021213
      13050.00000000          0.00899959
      13125.00000000          0.00117944
      13200.00000000          0.00000002
      13275.00000000          0.00112589
      13350.00000000          0.00781739
      13425.00000000          0.00018447
      13500.00000000          0.01458787
      13575.00000000          0.00017630
      13650.00000000          0.00681051
      13725.00000000          0.00098247
      13800.00000000          0.00000002
      13875.00000000          0.00093959
      13950.00000000          0.00595073
      14025.00000000          0.00015423
      14100.00000000          0.01113621
      14175.00000000          0.00014770
      14250.00000000          0.00521362
      14325.00000000          0.00082456
      14400.00000000          0.00000001
      14475.00000000          0.00079011
      14550.00000000          0.00458039
      14625.00000000          0.00012998
      14700.00000000          0.00859378
      14775.00000000          0.00012466
      14850.00000000          0.00403378
      14925.00000000          0.00069718
      15000.00000000          0.00000001
      15075.00000000          0.00066909
      15150.00000000          0.00356120
      15225.00000000          0.00011025
      15300.00000000          0.00669822
      15375.00000000          0.00010592
      15450.00000000          0.00315141
      15525.00000000          0.00059335
      15600.00000000          0.00000001
      15675.00000000          0.00057042
      15750.00000000          0.00279510
      15825.00000000          0.00009413
      15900.00000000          0.00526889
      15975.00000000          0.00009056
      16050.00000000          0.00248425
      16125.00000000          0.00050813
      16200.00000000          0.00000001
      16275.00000000          0.00048916
      16350.00000000          0.00221283
      16425.00000000          0.00008083
      16500.00000000          0.00417981
      16575.00000000          0.00007789
      16650.00000000          0.00197483
      16725.00000000          0.00043754
      16800.00000000          0.00000001
      16875.00000000          0.00042192
      16950.00000000          0.00176589
      17025.00000000          0.00006981
      17100.00000000          0.00334195
      17175.00000000          0.00006735
      17250.00000000          0.00158178
      17325.00000000          0.00037886
      17400.00000000          0.00000001
      17475.00000000          0.00036571
      17550.00000000          0.00141970
      17625.00000000          0.00006061
      17700.00000000          0.00269157
      17775.00000000          0.00005856
      17850.00000000          0.00127621
      17925.00000000          0.00032968
      18000.00000000          0.00000001
      18075.00000000          0.00031859
      18150.00000000          0.00114922
      18225.00000000          0.00005284
      18300.00000000          0.00218256
      18375.00000000          0.00005112
      18450.00000000          0.00103649
      18525.00000000          0.00028815
      18600.00000000          0.00000000
      18675.00000000          0.00027876
      18750.00000000          0.00093650
      18825.00000000          0.00004631
      18900.00000000          0.00178092
      18975.00000000          0.00004482
      19050.00000000          0.00084709
      19125.00000000          0.00025297
      19200.00000000          0.00000000
      19275.00000000          0.00024500
      19350.00000000          0.00076749
      19425.00000000          0.00004072
      19500.00000000          0.00146183
      19575.00000000          0.00003948
      19650.00000000          0.00069629
      19725.00000000          0.00022296
      19800.00000000          0.00000000
      19875.00000000          0.00021619
      19950.00000000          0.00063264
      20025.00000000          0.00003597
      20100.00000000          0.00120635
      20175.00000000          0.00003488
      20250.00000000          0.00057539
      20325.00000000          0.00019727
      20400.00000000          0.00000000
      20475.00000000          0.00019145
      20550.00000000          0.00052415
      20625.00000000          0.00003189
      20700.00000000          0.00100090
      20775.00000000          0.00003095
      20850.00000000          0.00047793
      20925.00000000          0.00017519
      21000.00000000          0.00000000
      21075.00000000          0.00017015
      21150.00000000          0.00043642
      21225.00000000          0.00002836
      21300.00000000          0.00083440
      21375.00000000          0.00002756
      21450.00000000          0.00039892
      21525.00000000          0.00015608
      21600.00000000          0.00000000
      21675.00000000          0.00015171
      21750.00000000          0.00036504
      21825.00000000          0.00002530
      21900.00000000          0.00069872
      21975.00000000          0.00002462
      22050.00000000          0.00033443
      22125.00000000          0.00013945
      22200.00000000          0.00000000
      22275.00000000          0.00013568
      22350.00000000          0.00030668
      22425.00000000          0.00002265
      22500.00000000          0.00058763
      22575.00000000          0.00002204
      22650.00000000          0.00028152
      22725.00000000          0.00012506
      22800.00000000          0.00000000
      22875.00000000          0.00012171
      22950.00000000          0.00025871
      23025.00000000          0.00002034
      23100.00000000          0.00049618
      23175.00000000          0.00001980
      23250.00000000          0.00023794
      23325.00000000          0.00011239
      23400.00000000          0.00000000
      23475.00000000          0.00010950
      23550.00000000          0.00021912
      23625.00000000          0.00001831
      23700.00000000          0.00042063
      23775.00000000          0.00001784
      23850.00000000          0.00020189
      23925.00000000          0.00010134
      24000.00000000          0.00000000
      24075.00000000          0.00009874
      24150.00000000          0.00018619
      24225.00000000          0.00001652
      24300.00000000          0.00035782
      24375.00000000          0.00001611
      24450.00000000          0.00017188
      24525.00000000          0.00009155
      24600.00000000          0.00000000
      24675.00000000          0.00008930
      24750.00000000          0.00015881
      24825.00000000          0.00001495
      24900.00000000          0.00030539
      24975.00000000          0.00001458
      25050.00000000          0.00014682
      25125.00000000          0.00008294
      25200.00000000          0.00000000
      25275.00000000          0.00008095
      25350.00000000          0.00013587
      25425.00000000          0.00001355
      25500.00000000          0.00026146
      25575.00000000          0.00001323
      25650.00000000          0.00012583
      25725.00000000          0.00007529
      25800.00000000          0.00000000
      25875.00000000          0.00007352
      25950.00000000          0.00011660
      26025.00000000          0.00001233
      26100.00000000          0.00022455
      26175.00000000          0.00001204
      26250.00000000          0.00010813
      26325.00000000          0.00006853
      26400.00000000          0.00000000
      26475.00000000          0.00006696
      26550.00000000          0.00010037
      26625.00000000          0.00001122
      26700.00000000          0.00019343
      26775.00000000          0.00001097
      26850.00000000          0.00009321
      26925.00000000          0.00006248
      27000.00000000          0.00000000
      27075.00000000          0.00006109
      27150.00000000          0.00008661
      27225.00000000          0.00001024
      27300.00000000          0.00016703
      27375.00000000          0.00001002
      27450.00000000          0.00008055
      27525.00000000          0.00005709
      27600.00000000          0.00000000
      27675.00000000          0.00005585
      27750.00000000          0.00007495
      27825.00000000          0.00000937
      27900.00000000          0.00014466
      27975.00000000          0.00000916
      28050.00000000          0.00006979
      28125.00000000          0.00005228
      28200.00000000          0.00000000
      28275.00000000          0.00005111
      28350.00000000          0.00006503
      28425.00000000          0.00000858
      28500.00000000          0.00012558
      28575.00000000          0.00000840
      28650.00000000          0.00006061
      28725.00000000          0.00004793
      28800.00000000          0.00000000
      28875.00000000          0.00004689
      28950.00000000          0.00005654
      29025.00000000          0.00000788
      29100.00000000          0.00010923
      29175.00000000          0.00000772
      29250.00000000          0.00005274
      29325.00000000          0.00004402
      29400.00000000          0.00000000
      29475.00000000          0.00004313
      29550.00000000          0.00004927
      29625.00000000          0.00000725
      29700.00000000          0.00009523
      29775.00000000          0.00000709
      29850.00000000          0.00004601
      29925.00000000          0.00004052
      30000.00000000          0.00000000
      30075.00000000          0.00003970
      30150.00000000          0.00004303
      30225.00000000          0.00000668
      30300.00000000          0.00008323
      30375.00000000          0.00000654
      30450.00000000          0.00004024
      30525.00000000          0.00003733
      30600.00000000          0.00000000
      30675.00000000          0.00003660
      30750.00000000          0.00003765
      30825.00000000          0.00000615
      30900.00000000          0.00007282
      30975.00000000          0.00000603
      31050.00000000          0.00003524
      31125.00000000          0.00003449
      31200.00000000          0.00000000
      31275.00000000          0.00003380
      31350.00000000          0.00003302
      31425.00000000          0.00000568
      31500.00000000          0.00006388
      31575.00000000          0.00000557
      31650.00000000          0.00003091
      31725.00000000          0.00003186
      31800.00000000          0.00000000
      31875.00000000          0.00003125
      31950.00000000          0.00002898
      32025.00000000          0.00000526
      32100.00000000          0.00005615
      32175.00000000          0.00000516
      32250.00000000          0.00002718
      32325.00000000          0.00002951
      32400.00000000          0.00000000
      32475.00000000          0.00002894
      32550.00000000          0.00002550
      32625.00000000          0.00000487
      32700.00000000          0.00004940
      32775.00000000          0.00000479
      32850.00000000          0.00002392
      32925.00000000          0.00002736
      33000.00000000          0.00000000
      33075.00000000          0.00002685
      33150.00000000          0.00002248
      33225.00000000          0.00000452
      33300.00000000          0.00004356
      33375.00000000          0.00000444
      33450.00000000          0.00002109
      33525.00000000          0.00002538
      33600.00000000          0.00000000
      33675.00000000          0.00002492
      33750.00000000          0.00001984
      33825.00000000          0.00000420
      33900.00000000          0.00003845
      33975.00000000          0.00000412
      34050.00000000          0.00001865
      34125.00000000          0.00002360
      34200.00000000          0.00000000
      34275.00000000          0.00002319
      34350.00000000          0.00001751
      34425.00000000          0.00000391
      34500.00000000          0.00003400
      34575.00000000          0.00000384
      34650.00000000          0.00001648
      34725.00000000          0.00002195
      34800.00000000          0.00000000
      34875.00000000          0.00002157
      34950.00000000          0.00001552
      35025.00000000          0.00000363
      35100.00000000          0.00003009
      35175.00000000          0.00000357
      35250.00000000          0.00001461
      35325.00000000          0.00002045
      35400.00000000          0.00000000
      35475.00000000          0.00002010
      35550.00000000          0.00001374
      35625.00000000          0.00000339
      35700.00000000          0.00002668
      35775.00000000          0.00000333
      35850.00000000          0.00001294
      35925.00000000          0.00001908
      36000.00000000          0.00000000
      36075.00000000          0.00001876
      36150.00000000          0.00001220
      36225.00000000          0.00000316
      36300.00000000          0.00002367
      36375.00000000          0.00000311
      36450.00000000          0.00001150
      36525.00000000          0.00001781
      36600.00000000          0.00000000
      36675.00000000          0.00001751
      36750.00000000          0.00001082
      36825.00000000          0.00000296
      36900.00000000          0.00002104
      36975.00000000          0.00000291
      37050.00000000          0.00001020
      37125.00000000          0.00001666
      37200.00000000          0.00000000
      37275.00000000          0.00001639
      37350.00000000          0.00000964
      37425.00000000          0.00000276
      37500.00000000          0.00001872
      37575.00000000          0.00000272
      37650.00000000          0.00000909
      37725.00000000          0.00001557
      37800.00000000          0.00000000
      37875.00000000          0.00001532
      37950.00000000          0.00000857
      38025.00000000          0.00000259
      38100.00000000          0.00001665
      38175.00000000          0.00000255
      38250.00000000          0.00000810
      38325.00000000          0.00001459
      38400.00000000          0.00000000
      38475.00000000          0.00001436
      38550.00000000          0.00000764
      38625.00000000          0.00000242
      38700.00000000          0.00001484
      38775.00000000          0.00000238
      38850.00000000          0.00000721
      38925.00000000          0.00001368
      39000.00000000          0.00000000
      39075.00000000          0.00001347
      39150.00000000          0.00000682
      39225.00000000          0.00000227
      39300.00000000          0.00001325
      39375.00000000          0.00000224
      39450.00000000          0.00000644
      39525.00000000          0.00001283
      39600.00000000          0.00000000
      39675.00000000          0.00001263
      39750.00000000          0.00000608
      39825.00000000          0.00000213
      39900.00000000          0.00001182
      39975.00000000          0.00000210
      40050.00000000          0.00000574
      40125.00000000          0.00001207
      40200.00000000          0.00000000
      40275.00000000          0.00001187
      40350.00000000          0.00000544
      40425.00000000          0.00000200
      40500.00000000          0.00001056
      40575.00000000          0.00000197
      40650.00000000          0.00000513
      40725.00000000          0.00001133
      40800.00000000          0.00000000
      40875.00000000          0.00001116
      40950.00000000          0.00000486
      41025.00000000          0.00000189
      41100.00000000          0.00000944
      41175.00000000          0.00000186
      41250.00000000          0.00000459
      41325.00000000          0.00001066
      41400.00000000          0.00000000
      41475.00000000          0.00001050
      41550.00000000          0.00000434
      41625.00000000          0.00000177
      41700.00000000          0.00000844
      41775.00000000          0.00000175
      41850.00000000          0.00000411
      41925.00000000          0.00001003
      42000.00000000          0.00000000
      42075.00000000          0.00000989
      42150.00000000          0.00000389
      42225.00000000          0.00000167
      42300.00000000          0.00000756
      42375.00000000          0.00000165
      42450.00000000          0.00000368
      42525.00000000          0.00000945
      42600.00000000          0.00000000
      42675.00000000          0.00000932
      42750.00000000          0.00000347
      42825.00000000          0.00000157
      42900.00000000          0.00000677
      42975.00000000          0.00000155
      43050.00000000          0.00000330
      43125.00000000          0.00000892
      43200.00000000          0.00000000
      43275.00000000          0.00000879
      43350.00000000          0.00000312
      43425.00000000          0.00000149
      43500.00000000          0.00000606
      43575.00000000          0.00000146
      43650.00000000          0.00000295
      43725.00000000          0.00000841
      43800.00000000          0.00000000
      43875.00000000          0.00000829
      43950.00000000          0.00000279
      44025.00000000          0.00000140
      44100.00000000          0.00000543
      44175.00000000          0.00000138
      44250.00000000          0.00000264
      44325.00000000          0.00000794
      44400.00000000          0.00000000
      44475.00000000          0.00000784
      44550.00000000          0.00000250
      44625.00000000          0.00000132
      44700.00000000          0.00000487
      44775.00000000          0.00000131
      44850.00000000          0.00000237
      44925.00000000          0.00000751
      45000.00000000          0.00000000
      45075.00000000          0.00000741
      45150.00000000          0.00000224
      45225.00000000          0.00000125
      45300.00000000          0.00000437
      45375.00000000          0.00000123
      45450.00000000          0.00000213
      45525.00000000          0.00000709
      45600.00000000          0.00000000
      45675.00000000          0.00000700
      45750.00000000          0.00000201
      45825.00000000          0.00000119
      45900.00000000          0.00000392
      45975.00000000          0.00000117
      46050.00000000          0.00000190
      46125.00000000          0.00000673
      46200.00000000          0.00000000
      46275.00000000          0.00000663
      46350.00000000          0.00000181
      46425.00000000          0.00000112
      46500.00000000          0.00000351
      46575.00000000          0.00000111
      46650.00000000          0.00000171
      46725.00000000          0.00000636
      46800.00000000          0.00000000
      46875.00000000          0.00000627
      46950.00000000          0.00000162
      47025.00000000          0.00000106
      47100.00000000          0.00000315
      47175.00000000          0.00000105
      47250.00000000          0.00000153
      47325.00000000          0.00000603
      47400.00000000          0.00000000
      47475.00000000          0.00000595
      47550.00000000          0.00000145
      47625.00000000          0.00000101
      47700.00000000          0.00000283
      47775.00000000          0.00000100
      47850.00000000          0.00000137
      47925.00000000          0.00000571
      48000.00000000          0.00000000
      48075.00000000          0.00000564
      48150.00000000          0.00000130
      48225.00000000          0.00000096
      48300.00000000          0.00000254
      48375.00000000          0.00000094
      48450.00000000          0.00000123
      48525.00000000          0.00000542
      48600.00000000          0.00000000
      48675.00000000          0.00000535
      48750.00000000          0.00000117
      48825.00000000          0.00000091
      48900.00000000          0.00000228
      48975.00000000          0.00000089
      49050.00000000          0.00000111
      49125.00000000          0.00000514
      49200.00000000          0.00000000
      49275.00000000          0.00000507
      49350.00000000          0.00000105
      49425.00000000          0.00000086
      49500.00000000          0.00000204
      49575.00000000          0.00000085
      49650.00000000          0.00000100
      49725.00000000          0.00000489
      49800.00000000          0.00000000
      49875.00000000          0.00000482
      49950.00000000          0.00000094
      50025.00000000          0.00000082
      50100.00000000          0.00000183
      50175.00000000          0.00000081
      50250.00000000          0.00000089
      50325.00000000          0.00000465
      50400.00000000          0.00000000
      50475.00000000          0.00000458
      50550.00000000          0.00000084
      50625.00000000          0.00000078
      50700.00000000          0.00000164
      50775.00000000          0.00000077
      50850.00000000          0.00000080
      50925.00000000          0.00000442
      51000.00000000          0.00000000
      51075.00000000          0.00000436
      51150.00000000          0.00000076
      51225.00000000          0.00000074
      51300.00000000          0.00000147
      51375.00000000          0.00000073
      51450.00000000          0.00000072
      51525.00000000          0.00000420
      51600.00000000          0.00000000
      51675.00000000          0.00000415
      51750.00000000          0.00000067
      51825.00000000          0.00000070
      51900.00000000          0.00000132
      51975.00000000          0.00000069
      52050.00000000          0.00000064
      52125.00000000          0.00000400
      52200.00000000          0.00000000
      52275.00000000          0.00000395
      52350.00000000          0.00000061
      52425.00000000          0.00000067
      52500.00000000          0.00000118
      52575.00000000          0.00000066
      52650.00000000          0.00000057
      52725.00000000          0.00000380
      52800.00000000          0.00000000
      52875.00000000          0.00000375
      52950.00000000          0.00000054
      53025.00000000          0.00000064
      53100.00000000          0.00000105
      53175.00000000          0.00000063
      53250.00000000          0.00000051
      53325.00000000          0.00000362
      53400.00000000          0.00000000
      53475.00000000          0.00000358
      53550.00000000          0.00000049
      53625.00000000          0.00000061
      53700.00000000          0.00000094
      53775.00000000          0.00000060
      53850.00000000          0.00000046
      53925.00000000          0.00000345
      54000.00000000          0.00000000
      54075.00000000          0.00000341
      54150.00000000          0.00000043
      54225.00000000          0.00000058
      54300.00000000          0.00000084
      54375.00000000          0.00000057
      54450.00000000          0.00000041
      54525.00000000          0.00000329
      54600.00000000          0.00000000
      54675.00000000          0.00000325
      54750.00000000          0.00000039
      54825.00000000          0.00000055
      54900.00000000          0.00000075
      54975.00000000          0.00000055
      55050.00000000          0.00000037
      55125.00000000          0.00000314
      55200.00000000          0.00000000
      55275.00000000          0.00000310
      55350.00000000          0.00000034
      55425.00000000          0.00000053
      55500.00000000          0.00000067
      55575.00000000          0.00000052
      55650.00000000          0.00000032
      55725.00000000          0.00000300
      55800.00000000          0.00000000
      55875.00000000          0.00000297
      55950.00000000          0.00000031
      56025.00000000          0.00000050
      56100.00000000          0.00000059
      56175.00000000          0.00000049
      56250.00000000          0.00000029
      56325.00000000          0.00000286
      56400.00000000          0.00000000
      56475.00000000          0.00000282
      56550.00000000          0.00000027
      56625.00000000          0.00000048
      56700.00000000          0.00000053
      56775.00000000          0.00000047
      56850.00000000          0.00000026
      56925.00000000          0.00000273
      57000.00000000          0.00000000
      57075.00000000          0.00000270
      57150.00000000          0.00000024
      57225.00000000          0.00000046
      57300.00000000          0.00000047
      57375.00000000          0.00000045
      57450.00000000          0.00000023
      57525.00000000          0.00000261
      57600.00000000          0.00000000
      57675.00000000          0.00000258
      57750.00000000          0.00000022
      57825.00000000          0.00000044
      57900.00000000          0.00000042
      57975.00000000          0.00000043
      58050.00000000          0.00000020
      58125.00000000          0.00000249
      58200.00000000          0.00000000
      58275.00000000          0.00000247
      58350.00000000          0.00000019
      58425.00000000          0.00000042
      58500.00000000          0.00000037
      58575.00000000          0.00000041
      58650.00000000          0.00000018
      58725.00000000          0.00000238
      58800.00000000          0.00000000
      58875.00000000          0.00000236
      58950.00000000          0.00000017
      59025.00000000          0.00000040
      59100.00000000          0.00000032
      59175.00000000          0.00000039
      59250.00000000          0.00000016
      59325.00000000          0.00000228
      59400.00000000          0.00000000
      59475.00000000          0.00000225
      59550.00000000          0.00000015
      59625.00000000          0.00000038
      59700.00000000          0.00000029
      59775.00000000          0.00000038
      59850.00000000          0.00000014
      59925.00000000          0.00000218
      60000.00000000          0.00000000
      60075.00000000          0.00000215
      60150.00000000          0.00000013
      60225.00000000          0.00000037
      60300.00000000          0.00000025
      60375.00000000          0.00000036
      60450.00000000          0.00000012
      60525.00000000          0.00000208
      60600.00000000          0.00000000
      60675.00000000          0.00000206
      60750.00000000          0.00000011
      60825.00000000          0.00000035
      60900.00000000          0.00000022
      60975.00000000          0.00000035
      61050.00000000          0.00000011
      61125.00000000          0.00000200
      61200.00000000          0.00000000
      61275.00000000          0.00000198
      61350.00000000          0.00000010
      61425.00000000          0.00000034
      61500.00000000          0.00000019
      61575.00000000          0.00000033
      61650.00000000          0.00000009
      61725.00000000          0.00000191
      61800.00000000          0.00000000
      61875.00000000          0.00000189
      61950.00000000          0.00000009
      62025.00000000          0.00000032
      62100.00000000          0.00000017
      62175.00000000          0.00000032
      62250.00000000          0.00000008
      62325.00000000          0.00000183
      62400.00000000          0.00000000
      62475.00000000          0.00000181
      62550.00000000          0.00000008
      62625.00000000          0.00000031
      62700.00000000          0.00000014
      62775.00000000          0.00000031
      62850.00000000          0.00000007
      62925.00000000          0.00000176
      63000.00000000          0.00000000
      63075.00000000          0.00000174
      63150.00000000          0.00000007
      63225.00000000          0.00000029
      63300.00000000          0.00000013
      63375.00000000          0.00000029
      63450.00000000          0.00000006
      63525.00000000          0.00000168
      63600.00000000          0.00000000
      63675.00000000          0.00000166
      63750.00000000          0.00000006
      63825.00000000          0.00000028
      63900.00000000          0.00000011
      63975.00000000          0.00000028
      64050.00000000          0.00000005
      64125.00000000          0.00000162
      64200.00000000          0.00000000
      64275.00000000          0.00000160
      64350.00000000          0.00000005
      64425.00000000          0.00000027
      64500.00000000          0.00000009
      64575.00000000          0.00000027
      64650.00000000          0.00000004
      64725.00000000          0.00000155
      64800.00000000          0.00000000
      64875.00000000          0.00000153
      64950.00000000          0.00000004
      65025.00000000          0.00000026
      65100.00000000          0.00000008
      65175.00000000          0.00000026
      65250.00000000          0.00000004
      65325.00000000          0.00000148
      65400.00000000          0.00000000
      65475.00000000          0.00000147
      65550.00000000          0.00000003
      65625.00000000          0.00000025
      65700.00000000          0.00000007
      65775.00000000          0.00000025
      65850.00000000          0.00000003
      65925.00000000          0.00000143
      66000.00000000          0.00000000
      66075.00000000          0.00000141
      66150.00000000          0.00000003
      66225.00000000          0.00000024
      66300.00000000          0.00000006
      66375.00000000          0.00000024
      66450.00000000          0.00000003
      66525.00000000          0.00000137
      66600.00000000          0.00000000
      66675.00000000          0.00000135
      66750.00000000          0.00000002
      66825.00000000          0.00000023
      66900.00000000          0.00000005
      66975.00000000          0.00000023
      67050.00000000          0.00000002
      67125.00000000          0.00000132
      67200.00000000          0.00000000
      67275.00000000          0.00000130
      67350.00000000          0.00000002
      67425.00000000          0.00000022
      67500.00000000          0.00000004
      67575.00000000          0.00000022
      67650.00000000          0.00000002
      67725.00000000          0.00000126
      67800.00000000          0.00000000
      67875.00000000          0.00000125
      67950.00000000          0.00000002
      68025.00000000          0.00000021
      68100.00000000          0.00000003
      68175.00000000          0.00000021
      68250.00000000          0.00000001
      68325.00000000          0.00000121
      68400.00000000          0.00000000
      68475.00000000          0.00000120
      68550.00000000          0.00000001
      68625.00000000          0.00000020
      68700.00000000          0.00000002
      68775.00000000          0.00000020
      68850.00000000          0.00000001
      68925.00000000          0.00000117
      69000.00000000          0.00000000
      69075.00000000          0.00000115
      69150.00000000          0.00000001
      69225.00000000          0.00000020
      69300.00000000          0.00000002
      69375.00000000          0.00000019
      69450.00000000          0.00000001
      69525.00000000          0.00000112
      69600.00000000          0.00000000
      69675.00000000          0.00000111
      69750.00000000          0.00000001
      69825.00000000          0.00000019
      69900.00000000          0.00000001
      69975.00000000          0.00000019
      70050.00000000          0.00000001
      70125.00000000          0.00000107
      70200.00000000          0.00000000
      70275.00000000          0.00000107
      70350.00000000          0.00000001
      70425.00000000          0.00000018
      70500.00000000          0.00000001
      70575.00000000          0.00000018
      70650.00000000          0.00000001
      70725.00000000          0.00000103
      70800.00000000          0.00000000
      70875.00000000          0.00000102
      70950.00000000          0.00000000
      71025.00000000          0.00000017
      71100.00000000          0.00000001
      71175.00000000          0.00000017
      71250.00000000          0.00000000
      71325.00000000          0.00000099
      71400.00000000          0.00000000
      71475.00000000          0.00000098
      71550.00000000          0.00000000
      71625.00000000          0.00000017
      71700.00000000          0.00000001
      71775.00000000          0.00000017
      71850.00000000          0.00000000
      71925.00000000          0.00000096
      72000.00000000          0.00000000
      72075.00000000          0.00000095
      72150.00000000          0.00000000
      72225.00000000          0.00000016
      72300.00000000          0.00000000
      72375.00000000          0.00000016
      72450.00000000          0.00000000
      72525.00000000          0.00000092
      72600.00000000          0.00000000
      72675.00000000          0.00000091
      72750.00000000          0.00000000
      72825.00000000          0.00000015
      72900.00000000          0.00000000
      72975.00000000          0.00000015
      73050.00000000          0.00000000
      73125.00000000          0.00000089
      73200.00000000          0.00000000
      73275.00000000          0.00000088
      73350.00000000          0.00000000
      73425.00000000          0.00000015
      73500.00000000          0.00000000
      73575.00000000          0.00000015
      73650.00000000          0.00000000
      73725.00000000          0.00000085
      73800.00000000          0.00000000
      73875.00000000          0.00000084
      73950.00000000          0.00000000
      74025.00000000          0.00000014
      74100.00000000          0.00000000
      74175.00000000          0.00000014
      74250.00000000          0.00000000
      74325.00000000          0.00000082
      74400.00000000          0.00000000
      74475.00000000          0.00000081
      74550.00000000          0.00000000
      74625.00000000          0.00000014
      74700.00000000          0.00000000
      74775.00000000          0.00000014
      74850.00000000          0.00000000
      74925.00000000          0.00000079
      75000.00000000          0.00000000
      75075.00000000          0.00000078
      75150.00000000          0.00000000
      75225.00000000          0.00000013
      75300.00000000          0.00000000
      75375.00000000          0.00000013
      75450.00000000          0.00000000
      75525.00000000          0.00000076
      75600.00000000          0.00000000
      75675.00000000          0.00000075
      75750.00000000          0.00000000
      75825.00000000          0.00000013
      75900.00000000          0.00000000
      75975.00000000          0.00000013
      76050.00000000          0.00000000
      76125.00000000          0.00000073
      76200.00000000          0.00000000
      76275.00000000          0.00000072
      76350.00000000          0.00000000
      76425.00000000          0.00000012
      76500.00000000          0.00000000
      76575.00000000          0.00000012
      76650.00000000          0.00000000
      76725.00000000          0.00000070
      76800.00000000          0.00000000
      76875.00000000          0.00000070
      76950.00000000          0.00000000
      77025.00000000          0.00000012
      77100.00000000          0.00000000
      77175.00000000          0.00000012
      77250.00000000          0.00000000
      77325.00000000          0.00000068
      77400.00000000          0.00000000
      77475.00000000          0.00000067
      77550.00000000          0.00000000
      77625.00000000          0.00000011
      77700.00000000          0.00000000
      77775.00000000          0.00000011
      77850.00000000          0.00000000
      77925.00000000          0.00000065
      78000.00000000          0.00000000
      78075.00000000          0.00000065
      78150.00000000          0.00000000
      78225.00000000          0.00000011
      78300.00000000          0.00000000
      78375.00000000          0.00000011
      78450.00000000          0.00000000
      78525.00000000          0.00000063
      78600.00000000          0.00000000
      78675.00000000          0.00000062
      78750.00000000          0.00000000
      78825.00000000          0.00000011
      78900.00000000          0.00000000
      78975.00000000          0.00000010
      79050.00000000          0.00000000
      79125.00000000          0.00000061
      79200.00000000          0.00000000
      79275.00000000          0.00000060
      79350.00000000          0.00000000
      79425.00000000          0.00000010
      79500.00000000          0.00000001
      79575.00000000          0.00000010
      79650.00000000          0.00000000
      79725.00000000          0.00000058
      79800.00000000          0.00000000
      79875.00000000          0.00000058
      79950.00000000          0.00000000
      80025.00000000          0.00000010
      80100.00000000          0.00000001
      80175.00000000          0.00000010
      80250.00000000          0.00000000
      80325.00000000          0.00000056
      80400.00000000          0.00000000
      80475.00000000          0.00000056
      80550.00000000          0.00000000
      80625.00000000          0.00000010
      80700.00000000          0.00000001
      80775.00000000          0.00000009
      80850.00000000          0.00000000
      80925.00000000          0.00000054
      81000.00000000          0.00000000
      81075.00000000          0.00000054
      81150.00000000          0.00000001
      81225.00000000          0.00000009
      81300.00000000          0.00000001
      81375.00000000          0.00000009
      81450.00000000          0.00000001
      81525.00000000          0.00000052
      81600.00000000          0.00000000
      81675.00000000          0.00000052
      81750.00000000          0.00000001
      81825.00000000          0.00000009
      81900.00000000          0.00000001
      81975.00000000          0.00000009
      82050.00000000          0.00000001
      82125.00000000          0.00000051
      82200.00000000          0.00000000
      82275.00000000          0.00000050
      82350.00000000          0.00000001
      82425.00000000          0.00000009
      82500.00000000          0.00000001
      82575.00000000          0.00000008
      82650.00000000          0.00000001
      82725.00000000          0.00000049
      82800.00000000          0.00000000
      82875.00000000          0.00000048
      82950.00000000          0.00000001
      83025.00000000          0.00000008
      83100.00000000          0.00000002
      83175.00000000          0.00000008
      83250.00000000          0.00000001
      83325.00000000          0.00000047
      83400.00000000          0.00000000
      83475.00000000          0.00000046
      83550.00000000          0.00000001
      83625.00000000          0.00000008
      83700.00000000          0.00000002
      83775.00000000          0.00000008
      83850.00000000          0.00000001
      83925.00000000          0.00000045
      84000.00000000          0.00000000
      84075.00000000          0.00000045
      84150.00000000          0.00000001
      84225.00000000          0.00000008
      84300.00000000          0.00000002
      84375.00000000          0.00000008
      84450.00000000          0.00000001
      84525.00000000          0.00000044
      84600.00000000          0.00000000
      84675.00000000          0.00000043
      84750.00000000          0.00000001
      84825.00000000          0.00000007
      84900.00000000          0.00000002
      84975.00000000          0.00000007
      85050.00000000          0.00000001
      85125.00000000          0.00000042
      85200.00000000          0.00000000
      85275.00000000          0.00000042
      85350.00000000          0.00000001
      85425.00000000          0.00000007
      85500.00000000          0.00000002
      85575.00000000          0.00000007
      85650.00000000          0.00000001
      85725.00000000          0.00000041
      85800.00000000          0.00000000
      85875.00000000          0.00000040
      85950.00000000          0.00000001
      86025.00000000          0.00000007
      86100.00000000          0.00000003
      86175.00000000          0.00000007
      86250.00000000          0.00000001
      86325.00000000          0.00000039
      86400.00000000          0.00000000
      86475.00000000          0.00000039
      86550.00000000          0.00000001
      86625.00000000          0.00000007
      86700.00000000          0.00000003
      86775.00000000          0.00000007
      86850.00000000          0.00000001
      86925.00000000          0.00000038
      87000.00000000          0.00000000
      87075.00000000          0.00000037
      87150.00000000          0.00000001
      87225.00000000          0.00000006
      87300.00000000          0.00000003
      87375.00000000          0.00000006
      87450.00000000          0.00000002
      87525.00000000          0.00000036
      87600.00000000          0.00000000
      87675.00000000          0.00000036
      87750.00000000          0.00000002
      87825.00000000          0.00000006
      87900.00000000          0.00000003
      87975.00000000          0.00000006
      88050.00000000          0.00000002
      88125.00000000          0.00000035
      88200.00000000          0.00000000
      88275.00000000          0.00000035
      88350.00000000          0.00000002
      88425.00000000          0.00000006
      88500.00000000          0.00000003
      88575.00000000          0.00000006
      88650.00000000          0.00000002
      88725.00000000          0.00000034
      88800.00000000          0.00000000
      88875.00000000          0.00000034
      88950.00000000          0.00000002
      89025.00000000          0.00000006
      89100.00000000          0.00000004
      89175.00000000          0.00000006
      89250.00000000          0.00000002
      89325.00000000          0.00000033
      89400.00000000          0.00000000
      89475.00000000          0.00000032
      89550.00000000          0.00000002
      89625.00000000          0.00000006
      89700.00000000          0.00000004
      89775.00000000          0.00000005
      89850.00000000          0.00000002
      89925.00000000          0.00000032
      90000.00000000          0.00000000
      90075.00000000          0.00000031
      90150.00000000          0.00000002
      90225.00000000          0.00000005
      90300.00000000          0.00000004
      90375.00000000          0.00000005
      90450.00000000          0.00000002
      90525.00000000          0.00000030
      90600.00000000          0.00000000
      90675.00000000          0.00000030
      90750.00000000          0.00000002
      90825.00000000          0.00000005
      90900.00000000          0.00000004
      90975.00000000          0.00000005
      91050.00000000          0.00000002
      91125.00000000          0.00000029
      91200.00000000          0.00000000
      91275.00000000          0.00000029
      91350.00000000          0.00000002
      91425.00000000          0.00000005
      91500.00000000          0.00000004
      91575.00000000          0.00000005
      91650.00000000          0.00000002
      91725.00000000          0.00000028
      91800.00000000          0.00000000
      91875.00000000          0.00000028
      91950.00000000          0.00000002
      92025.00000000          0.00000005
      92100.00000000          0.00000005
      92175.00000000          0.00000005
      92250.00000000          0.00000002
      92325.00000000          0.00000027
      92400.00000000          0.00000000
      92475.00000000          0.00000027
      92550.00000000          0.00000002
      92625.00000000          0.00000005
      92700.00000000          0.00000005
      92775.00000000          0.00000005
      92850.00000000          0.00000002
      92925.00000000          0.00000026
      93000.00000000          0.00000000
      93075.00000000          0.00000026
      93150.00000000          0.00000002
      93225.00000000          0.00000004
      93300.00000000          0.00000005
      93375.00000000          0.00000004
      93450.00000000          0.00000002
      93525.00000000          0.00000025
      93600.00000000          0.00000000
      93675.00000000          0.00000025
      93750.00000000          0.00000002
      93825.00000000          0.00000004
      93900.00000000          0.00000005
      93975.00000000          0.00000004
      94050.00000000          0.00000003
      94125.00000000          0.00000025
      94200.00000000          0.00000000
      94275.00000000          0.00000024
      94350.00000000          0.00000003
      94425.00000000          0.00000004
      94500.00000000          0.00000005
      94575.00000000          0.00000004
      94650.00000000          0.00000003
      94725.00000000          0.00000024
      94800.00000000          0.00000000
      94875.00000000          0.00000024
      94950.00000000          0.00000003
      95025.00000000          0.00000004
      95100.00000000          0.00000006
      95175.00000000          0.00000004
      95250.00000000          0.00000003
      95325.00000000          0.00000023
      95400.00000000          0.00000000
      95475.00000000          0.00000023
      95550.00000000          0.00000003
      95625.00000000          0.00000004
      95700.00000000          0.00000006
      95775.00000000          0.00000004
      95850.00000000          0.00000003
      95925.00000000          0.00000022
      96000.00000000          0.00000000
      96075.00000000          0.00000022
      96150.00000000          0.00000003
      96225.00000000          0.00000004
      96300.00000000          0.00000006
      96375.00000000          0.00000004
      96450.00000000          0.00000003
      96525.00000000          0.00000021
      96600.00000000          0.00000000
      96675.00000000          0.00000021
      96750.00000000          0.00000003
      96825.00000000          0.00000004
      96900.00000000          0.00000006
      96975.00000000          0.00000004
      97050.00000000          0.00000003
      97125.00000000          0.00000020
      97200.00000000          0.00000000
      97275.00000000          0.00000020
      97350.00000000          0.00000003
      97425.00000000          0.00000003
      97500.00000000          0.00000006
      97575.00000000          0.00000003
      97650.00000000          0.00000003
      97725.00000000          0.00000020
      97800.00000000          0.00000000
      97875.00000000          0.00000020
      97950.00000000          0.00000003
      98025.00000000          0.00000003
      98100.00000000          0.00000006
      98175.00000000          0.00000003
      98250.00000000          0.00000003
      98325.00000000          0.00000019
      98400.00000000          0.00000000
      98475.00000000          0.00000019
      98550.00000000          0.00000003
      98625.00000000          0.00000003
      98700.00000000          0.00000006
      98775.00000000          0.00000003
      98850.00000000          0.00000003
      98925.00000000          0.00000018
      99000.00000000          0.00000000
      99075.00000000          0.00000018
      99150.00000000          0.00000003
      99225.00000000          0.00000003
      99300.00000000          0.00000007
      99375.00000000          0.00000003
      99450.00000000          0.00000003
      99525.00000000          0.00000018
      99600.00000000          0.00000000
      99675.00000000          0.00000018
      99750.00000000          0.00000003
      99825.00000000          0.00000003
      99900.00000000          0.00000007
      99975.00000000          0.00000003
     100050.00000000          0.00000003
     100125.00000000          0.00000017
     100200.00000000          0.00000000
     100275.00000000          0.00000017
     100350.00000000          0.00000003
     100425.00000000          0.00000003
     100500.00000000          0.00000007
     100575.00000000          0.00000003
     100650.00000000          0.00000003
     100725.00000000          0.00000016
     100800.00000000          0.00000000
     100875.00000000          0.00000016
     100950.00000000          0.00000003
     101025.00000000          0.00000003
     101100.00000000          0.00000007
     101175.00000000          0.00000003
     101250.00000000          0.00000004
     101325.00000000          0.00000016
     101400.00000000          0.00000000
     101475.00000000          0.00000016
     101550.00000000          0.00000004
     101625.00000000          0.00000003
     101700.00000000          0.00000007
     101775.00000000          0.00000003
     101850.00000000          0.00000004
     101925.00000000          0.00000015
     102000.00000000          0.00000000
     102075.00000000          0.00000015
     102150.00000000          0.00000004
     102225.00000000          0.00000003
     102300.00000000          0.00000007
     102375.00000000          0.00000003
     102450.00000000          0.00000004
     102525.00000000          0.00000015
     102600.00000000          0.00000000
     102675.00000000          0.00000014
     102750.00000000          0.00000004
     102825.00000000          0.00000002
     102900.00000000          0.00000007
     102975.00000000          0.00000002
     103050.00000000          0.00000004
     103125.00000000          0.00000014
     103200.00000000          0.00000000
     103275.00000000          0.00000014
     103350.00000000          0.00000004
     103425.00000000          0.00000002
     103500.00000000          0.00000008
     103575.00000000          0.00000002
     103650.00000000          0.00000004
     103725.00000000          0.00000014
     103800.00000000          0.00000000
     103875.00000000          0.00000014
     103950.00000000          0.00000004
     104025.00000000          0.00000002
     104100.00000000          0.00000008
     104175.00000000          0.00000002
     104250.00000000          0.00000004
     104325.00000000          0.00000013
     104400.00000000          0.00000000
     104475.00000000          0.00000013
     104550.00000000          0.00000004
     104625.00000000          0.00000002
     104700.00000000          0.00000008
     104775.00000000          0.00000002
     104850.00000000          0.00000004
     104925.00000000          0.00000013
     105000.00000000          0.00000000
     105075.00000000          0.00000013
     105150.00000000          0.00000004
     105225.00000000          0.00000002
     105300.00000000          0.00000008
     105375.00000000          0.00000002
     105450.00000000          0.00000004
     105525.00000000          0.00000012
     105600.00000000          0.00000000
     105675.00000000          0.00000012
     105750.00000000          0.00000004
     105825.00000000          0.00000002
     105900.00000000          0.00000008
     105975.00000000          0.00000002
     106050.00000000          0.00000004
     106125.00000000          0.00000012
     106200.00000000          0.00000000
     106275.00000000          0.00000012
     106350.00000000          0.00000004
     106425.00000000          0.00000002
     106500.00000000          0.00000008
     106575.00000000          0.00000002
     106650.00000000          0.00000004
     106725.00000000          0.00000011
     106800.00000000          0.00000000
     106875.00000000          0.00000011
     106950.00000000          0.00000004
     107025.00000000          0.00000002
     107100.00000000          0.00000008
     107175.00000000          0.00000002
     107250.00000000          0.00000004
     107325.00000000          0.00000011
     107400.00000000          0.00000000
     107475.00000000          0.00000011
     107550.00000000          0.00000004
     107625.00000000          0.00000002
     107700.00000000          0.00000008
     107775.00000000          0.00000002
     107850.00000000          0.00000004
     107925.00000000          0.00000010
     108000.00000000          0.00000000
     108075.00000000          0.00000010
     108150.00000000          0.00000004
     108225.00000000          0.00000002
     108300.00000000          0.00000008
     108375.00000000          0.00000002
     108450.00000000          0.00000004
     108525.00000000          0.00000010
     108600.00000000          0.00000000
     108675.00000000          0.00000010
     108750.00000000          0.00000004
     108825.00000000          0.00000002
     108900.00000000          0.00000009
     108975.00000000          0.00000002
     109050.00000000          0.00000004
     109125.00000000          0.00000010
     109200.00000000          0.00000000
     109275.00000000          0.00000010
     109350.00000000          0.00000004
     109425.00000000          0.00000002
     109500.00000000          0.00000009
     109575.00000000          0.00000002
     109650.00000000          0.00000004
     109725.00000000          0.00000009
     109800.00000000          0.00000000
     109875.00000000          0.00000009
     109950.00000000          0.00000004
     110025.00000000          0.00000002
     110100.00000000          0.00000009
     110175.00000000          0.00000002
     110250.00000000          0.00000004
     110325.00000000          0.00000009
     110400.00000000          0.00000000
     110475.00000000          0.00000009
     110550.00000000          0.00000004
     110625.00000000          0.00000002
     110700.00000000          0.00000009
     110775.00000000          0.00000001
     110850.00000000          0.00000004
     110925.00000000          0.00000009
     111000.00000000          0.00000000
     111075.00000000          0.00000009
     111150.00000000          0.00000004
     111225.00000000          0.00000001
     111300.00000000          0.00000009
     111375.00000000          0.00000001
     111450.00000000          0.00000004
     111525.00000000          0.00000008
     111600.00000000          0.00000000
     111675.00000000          0.00000008
     111750.00000000          0.00000004
     111825.00000000          0.00000001
     111900.00000000          0.00000009
     111975.00000000          0.00000001
     112050.00000000          0.00000004
     112125.00000000          0.00000008
     112200.00000000          0.00000000
     112275.00000000          0.00000008
     112350.00000000          0.00000005
     112425.00000000          0.00000001
     112500.00000000          0.00000009
     112575.00000000          0.00000001
     112650.00000000          0.00000005
     112725.00000000          0.00000008
     112800.00000000          0.00000000
     112875.00000000          0.00000008
     112950.00000000          0.00000005
     113025.00000000          0.00000001
     113100.00000000          0.00000009
     113175.00000000          0.00000001
     113250.00000000          0.00000005
     113325.00000000          0.00000007
     113400.00000000          0.00000000
     113475.00000000          0.00000007
     113550.00000000          0.00000005
     113625.00000000          0.00000001
     113700.00000000          0.00000009
     113775.00000000          0.00000001
     113850.00000000          0.00000005
     113925.00000000          0.00000007
     114000.00000000          0.00000000
     114075.00000000          0.00000007
     114150.00000000          0.00000005
     114225.00000000          0.00000001
     114300.00000000          0.00000009
     114375.00000000          0.00000001
     114450.00000000          0.00000005
     114525.00000000          0.00000007
     114600.00000000          0.00000000
     114675.00000000          0.00000007
     114750.00000000          0.00000005
     114825.00000000          0.00000001
     114900.00000000          0.00000009
     114975.00000000          0.00000001
     115050.00000000          0.00000005
     115125.00000000          0.00000006
     115200.00000000          0.00000000
     115275.00000000          0.00000006
     115350.00000000          0.00000005
     115425.00000000          0.00000001
     115500.00000000          0.00000009
     115575.00000000          0.00000001
     115650.00000000          0.00000005
     115725.00000000          0.00000006
     115800.00000000          0.00000000
     115875.00000000          0.00000006
     115950.00000000          0.00000005
     116025.00000000          0.00000001
     116100.00000000          0.00000010
     116175.00000000          0.00000001
     116250.00000000          0.00000005
     116325.00000000          0.00000006
     116400.00000000          0.00000000
     116475.00000000          0.00000006
     116550.00000000          0.00000005
     116625.00000000          0.00000001
     116700.00000000          0.00000010
     116775.00000000          0.00000001
     116850.00000000          0.00000005
     116925.00000000          0.00000006
     117000.00000000          0.00000000
     117075.00000000          0.00000006
     117150.00000000          0.00000005
     117225.00000000          0.00000001
     117300.00000000          0.00000010
     117375.00000000          0.00000001
     117450.00000000          0.00000005
     117525.00000000          0.00000005
     117600.00000000          0.00000000
     117675.00000000          0.00000005
     117750.00000000          0.00000005
     117825.00000000          0.00000001
     117900.00000000          0.00000010
     117975.00000000          0.00000001
     118050.00000000          0.00000005
     118125.00000000          0.00000005
     118200.00000000          0.00000000
     118275.00000000          0.00000005
     118350.00000000          0.00000005
     118425.00000000          0.00000001
     118500.00000000          0.00000010
     118575.00000000          0.00000001
     118650.00000000          0.00000005
     118725.00000000          0.00000005
     118800.00000000          0.00000000
     118875.00000000          0.00000005
     118950.00000000          0.00000005
     119025.00000000          0.00000001
     119100.00000000          0.00000010
     119175.00000000          0.00000001
     119250.00000000          0.00000005
     119325.00000000          0.00000005
     119400.00000000          0.00000000
     119475.00000000          0.00000005
     119550.00000000          0.00000005
     119625.00000000          0.00000001
     119700.00000000          0.00000010
     119775.00000000          0.00000001
     119850.00000000          0.00000005
     119925.00000000          0.00000005
     120000.00000000          0.00000000
     120075.00000000          0.00000004
     120150.00000000          0.00000005
     120225.00000000          0.00000001
     120300.00000000          0.00000010
     120375.00000000          0.00000001
     120450.00000000          0.00000005
     120525.00000000          0.00000004
     120600.00000000          0.00000000
     120675.00000000          0.00000004
     120750.00000000          0.00000005
     120825.00000000          0.00000001
     120900.00000000          0.00000010
     120975.00000000          0.00000001
     121050.00000000          0.00000005
     121125.00000000          0.00000004
     121200.00000000          0.00000000
     121275.00000000          0.00000004
     121350.00000000          0.00000005
     121425.00000000          0.00000001
     121500.00000000          0.00000010
     121575.00000000          0.00000001
     121650.00000000          0.00000005
     121725.00000000          0.00000004
     121800.00000000          0.00000000
     121875.00000000          0.00000004
     121950.00000000          0.00000005
     122025.00000000          0.00000001
     122100.00000000          0.00000010
     122175.00000000          0.00000001
     122250.00000000          0.00000005
     122325.00000000          0.00000004
     122400.00000000          0.00000000
     122475.00000000          0.00000004
     122550.00000000          0.00000005
     122625.00000000          0.00000001
     122700.00000000          0.00000010
     122775.00000000          0.00000001
     122850.00000000          0.00000005
     122925.00000000          0.00000003
     123000.00000000          0.00000000
     123075.00000000          0.00000003
     123150.00000000          0.00000005
     123225.00000000          0.00000001
     123300.00000000          0.00000010
     123375.00000000          0.00000001
     123450.00000000          0.00000005
     123525.00000000          0.00000003
     123600.00000000          0.00000000
     123675.00000000          0.00000003
     123750.00000000          0.00000005
     123825.00000000          0.00000001
     123900.00000000          0.00000010
     123975.00000000          0.00000001
     124050.00000000          0.00000005
     124125.00000000          0.00000003
     124200.00000000          0.00000000
     124275.00000000          0.00000003
     124350.00000000          0.00000005
     124425.00000000          0.00000001
     124500.00000000          0.00000010
     124575.00000000          0.00000001
     124650.00000000          0.00000005
     124725.00000000          0.00000003
     124800.00000000          0.00000000
     124875.00000000          0.00000003
     124950.00000000          0.00000005
     125025.00000000          0.00000001
     125100.00000000          0.00000010
     125175.00000000          0.00000000
     125250.00000000          0.00000005
     125325.00000000          0.00000003
     125400.00000000          0.00000000
     125475.00000000          0.00000003
     125550.00000000          0.00000005
     125625.00000000          0.00000000
     125700.00000000          0.00000010
     125775.00000000          0.00000000
     125850.00000000          0.00000005
     125925.00000000          0.00000003
     126000.00000000          0.00000000
     126075.00000000          0.00000003
     126150.00000000          0.00000005
     126225.00000000          0.00000000
     126300.00000000          0.00000010
     126375.00000000          0.00000000
     126450.00000000          0.00000005
     126525.00000000          0.00000003
     126600.00000000          0.00000000
     126675.00000000          0.00000003
     126750.00000000          0.00000005
     126825.00000000          0.00000000
     126900.00000000          0.00000011
     126975.00000000          0.00000000
     127050.00000000          0.00000005
     127125.00000000          0.00000002
     127200.00000000          0.00000000
     127275.00000000          0.00000002
     127350.00000000          0.00000005
     127425.00000000          0.00000000
     127500.00000000          0.00000010
     127575.00000000          0.00000000
     127650.00000000          0.00000005
     127725.00000000          0.00000002
     127800.00000000          0.00000000
     127875.00000000          0.00000002
     127950.00000000          0.00000005
     128025.00000000          0.00000000
     128100.00000000          0.00000011
     128175.00000000          0.00000000
     128250.00000000          0.00000005
     128325.00000000          0.00000002
     128400.00000000          0.00000000
     128475.00000000          0.00000002
     128550.00000000          0.00000005
     128625.00000000          0.00000000
     128700.00000000          0.00000011
     128775.00000000          0.00000000
     128850.00000000          0.00000005
     128925.00000000          0.00000002
     129000.00000000          0.00000000
     129075.00000000          0.00000002
     129150.00000000          0.00000005
     129225.00000000          0.00000000
     129300.00000000          0.00000011
     129375.00000000          0.00000000
     129450.00000000          0.00000005
     129525.00000000          0.00000002
     129600.00000000          0.00000000
     129675.00000000          0.00000002
     129750.00000000          0.00000005
     129825.00000000          0.00000000
     129900.00000000          0.00000011
     129975.00000000          0.00000000
     130050.00000000          0.00000005
     130125.00000000          0.00000002
     130200.00000000          0.00000000
     130275.00000000          0.00000002
     130350.00000000          0.00000005
     130425.00000000          0.00000000
     130500.00000000          0.00000011
     130575.00000000          0.00000000
     130650.00000000          0.00000005
     130725.00000000          0.00000002
     130800.00000000          0.00000000
     130875.00000000          0.00000002
     130950.00000000          0.00000005
     131025.00000000          0.00000000
     131100.00000000          0.00000011
     131175.00000000          0.00000000
     131250.00000000          0.00000005
     131325.00000000          0.00000002
     131400.00000000          0.00000000
     131475.00000000          0.00000002
     131550.00000000          0.00000005
     131625.00000000          0.00000000
     131700.00000000          0.00000011
     131775.00000000          0.00000000
     131850.00000000          0.00000005
     131925.00000000          0.00000001
     132000.00000000          0.00000000
     132075.00000000          0.00000001
     132150.00000000          0.00000005
     132225.00000000          0.00000000
     132300.00000000          0.00000011
     132375.00000000          0.00000000
     132450.00000000          0.00000005
     132525.00000000          0.00000001
     132600.00000000          0.00000000
     132675.00000000          0.00000001
     132750.00000000          0.00000005
     132825.00000000          0.00000000
     132900.00000000          0.00000011
     132975.00000000          0.00000000
     133050.00000000          0.00000005
     133125.00000000          0.00000001
     133200.00000000          0.00000000
     133275.00000000          0.00000001
     133350.00000000          0.00000005
     133425.00000000          0.00000000
     133500.00000000          0.00000011
     133575.00000000          0.00000000
     133650.00000000          0.00000005
     133725.00000000          0.00000001
     133800.00000000          0.00000000
     133875.00000000          0.00000001
     133950.00000000          0.00000005
     134025.00000000          0.00000000
     134100.00000000          0.00000011
     134175.00000000          0.00000000
     134250.00000000          0.00000005
     134325.00000000          0.00000001
     134400.00000000          0.00000000
     134475.00000000          0.00000001
     134550.00000000          0.00000005
     134625.00000000          0.00000000
     134700.00000000          0.00000011
     134775.00000000          0.00000000
     134850.00000000          0.00000005
     134925.00000000          0.00000001
     135000.00000000          0.00000000
     135075.00000000          0.00000001
     135150.00000000          0.00000005
     135225.00000000          0.00000000
     135300.00000000          0.00000011
     135375.00000000          0.00000000
     135450.00000000          0.00000005
     135525.00000000          0.00000001
     135600.00000000          0.00000000
     135675.00000000          0.00000001
     135750.00000000          0.00000005
     135825.00000000          0.00000000
     135900.00000000          0.00000011
     135975.00000000          0.00000000
     136050.00000000          0.00000005
     136125.00000000          0.00000001
     136200.00000000          0.00000000
     136275.00000000          0.00000001
     136350.00000000          0.00000005
     136425.00000000          0.00000000
     136500.00000000          0.00000011
     136575.00000000          0.00000000
     136650.00000000          0.00000005
     136725.00000000          0.00000001
     136800.00000000          0.00000000
     136875.00000000          0.00000001
     136950.00000000          0.00000006
     137025.00000000          0.00000000
     137100.00000000          0.00000011
     137175.00000000          0.00000000
     137250.00000000          0.00000006
     137325.00000000          0.00000001
     137400.00000000          0.00000000
     137475.00000000          0.00000001
     137550.00000000          0.00000006
     137625.00000000          0.00000000
     137700.00000000          0.00000011
     137775.00000000          0.00000000
     137850.00000000          0.00000005
     137925.00000000          0.00000001
     138000.00000000          0.00000000
     138075.00000000          0.00000001
     138150.00000000          0.00000005
     138225.00000000          0.00000000
     138300.00000000          0.00000011
     138375.00000000          0.00000000
     138450.00000000          0.00000005
     138525.00000000          0.00000001
     138600.00000000          0.00000000
     138675.00000000          0.00000001
     138750.00000000          0.00000006
     138825.00000000          0.00000000
     138900.00000000          0.00000011
     138975.00000000          0.00000000
     139050.00000000          0.00000006
     139125.00000000          0.00000001
     139200.00000000          0.00000000
     139275.00000000          0.00000000
     139350.00000000          0.00000005
     139425.00000000          0.00000000
     139500.00000000          0.00000011
     139575.00000000          0.00000000
     139650.00000000          0.00000005
     139725.00000000          0.00000000
     139800.00000000          0.00000000
     139875.00000000          0.00000000
     139950.00000000          0.00000006
     140025.00000000          0.00000000
     140100.00000000          0.00000011
     140175.00000000          0.00000000
     140250.00000000          0.00000006
     140325.00000000          0.00000000
     140400.00000000          0.00000000
     140475.00000000          0.00000000
     140550.00000000          0.00000006
     140625.00000000          0.00000000
     140700.00000000          0.00000011
     140775.00000000          0.00000000
     140850.00000000          0.00000006
     140925.00000000          0.00000000
     141000.00000000          0.00000000
     141075.00000000          0.00000000
     141150.00000000          0.00000006
     141225.00000000          0.00000000
     141300.00000000          0.00000011
     141375.00000000          0.00000000
     141450.00000000          0.00000006
     141525.00000000          0.00000000
     141600.00000000          0.00000000
     141675.00000000          0.00000000
     141750.00000000          0.00000006
     141825.00000000          0.00000000
     141900.00000000          0.00000011
     141975.00000000          0.00000000
     142050.00000000          0.00000006
     142125.00000000          0.00000000
     142200.00000000          0.00000000
     142275.00000000          0.00000000
     142350.00000000          0.00000006
     142425.00000000          0.00000000
     142500.00000000          0.00000011
     142575.00000000          0.00000000
     142650.00000000          0.00000006
     142725.00000000          0.00000000
     142800.00000000          0.00000000
     142875.00000000          0.00000000
     142950.00000000          0.00000006
     143025.00000000          0.00000000
     143100.00000000          0.00000011
     143175.00000000          0.00000000
     143250.00000000          0.00000006
     143325.00000000          0.00000000
     143400.00000000          0.00000000
     143475.00000000          0.00000000
     143550.00000000          0.00000006
     143625.00000000          0.00000000
     143700.00000000          0.00000011
     143775.00000000          0.00000000
     143850.00000000          0.00000006
     143925.00000000          0.00000000
     144000.00000000          0.00000000
     144075.00000000          0.00000000
     144150.00000000          0.00000006
     144225.00000000          0.00000000
     144300.00000000          0.00000011
     144375.00000000          0.00000000
     144450.00000000          0.00000006
     144525.00000000          0.00000000
     144600.00000000          0.00000000
     144675.00000000          0.00000000
     144750.00000000          0.00000006
     144825.00000000          0.00000000
     144900.00000000          0.00000011
     144975.00000000          0.00000000
     145050.00000000          0.00000006
     145125.00000000          0.00000000
     145200.00000000          0.00000000
     145275.00000000          0.00000000
     145350.00000000          0.00000006
     145425.00000000          0.00000000
     145500.00000000          0.00000011
     145575.00000000          0.00000000
     145650.00000000          0.00000006
     145725.00000000          0.00000000
     145800.00000000          0.00000000
     145875.00000000          0.00000000
     145950.00000000          0.00000006
     146025.00000000          0.00000000
     146100.00000000          0.00000011
     146175.00000000          0.00000000
     146250.00000000          0.00000006
     146325.00000000          0.00000000
     146400.00000000          0.00000000
     146475.00000000          0.00000000
     146550.00000000          0.00000006
     146625.00000000          0.00000000
     146700.00000000          0.00000011
     146775.00000000          0.00000000
     146850.00000000          0.00000006
     146925.00000000          0.00000000
     147000.00000000          0.00000000
     147075.00000000          0.00000000
     147150.00000000          0.00000006
     147225.00000000          0.00000000
     147300.00000000          0.00000011
     147375.00000000          0.00000000
     147450.00000000          0.00000006
     147525.00000000          0.00000000
     147600.00000000          0.00000000
     147675.00000000          0.00000000
     147750.00000000          0.00000006
     147825.00000000          0.00000000
     147900.00000000          0.00000011
     147975.00000000          0.00000000
     148050.00000000          0.00000005
     148125.00000000          0.00000000
     148200.00000000          0.00000000
     148275.00000000          0.00000000
     148350.00000000          0.00000006
     148425.00000000          0.00000000
     148500.00000000          0.00000011
     148575.00000000          0.00000000
     148650.00000000          0.00000006
     148725.00000000          0.00000000
     148800.00000000          0.00000000
     148875.00000000          0.00000000
     148950.00000000          0.00000006
     149025.00000000          0.00000000
     149100.00000000          0.00000011
     149175.00000000          0.00000000
     149250.00000000          0.00000006
     149325.00000000          0.00000000
     149400.00000000          0.00000000
     149475.00000000          0.00000000
     149550.00000000          0.00000006
     149625.00000000          0.00000000
     149700.00000000          0.00000011
     149775.00000000          0.00000000
     149850.00000000          0.00000006
     149925.00000000          0.00000000
