  0.400000006       1.61279392    
  0.800000012      0.308981180    
   1.20000005       1.12015319    
   1.60000002       3.99534464    
   2.00000000       5.80422592    
   2.40000010       4.61014605    
   2.79999995       2.31111383    
   3.20000005       2.00127268    
   3.60000014       3.70008039    
   4.00000000       4.35114098    
   4.40000010       2.09053802    
   4.80000019      -1.11669564    
   5.20000029      -2.11937284    
   5.59999990     -0.854460657    
   6.00000000     -0.351141453    
   6.40000010      -2.46401525    
   6.80000019      -5.23733759    
   7.20000029      -5.54719067    
   7.59999990      -3.37407446    
   8.00000000      -1.80422592    
   8.40000057      -2.75925255    
   8.80000019      -4.35621309    
   9.19999981      -3.54505038    
   9.60000038     -0.376744330    
   10.0000000       2.00000072    
   10.4000006       1.61281061    
   10.8000002      0.308993220    
   11.1999998       1.12015891    
   11.6000004       3.99532104    
   12.0000000       5.80422640    
   12.4000006       4.61017466    
   12.8000002       2.31112003    
   13.1999998       2.00126553    
   13.6000004       3.70006895    
   14.0000000       4.35114193    
   14.4000006       2.09055328    
   14.8000002      -1.11668372    
   15.1999998      -2.11936903    
   15.6000004     -0.854471624    
   16.0000000     -0.351141930    
   16.3999996      -2.46400547    
   16.8000011      -5.23731518    
   17.2000008      -5.54719734    
   17.6000004      -3.37409878    
   18.0000000      -1.80422497    
   18.3999996      -2.75927305    
   18.8000011      -4.35619640    
   19.2000008      -3.54507065    
   19.6000004     -0.376741290    
   20.0000000       2.00000143    
   20.3999996       1.61281967    
   20.8000011      0.309003472    
   21.2000008       1.12013650    
   21.6000004       3.99531126    
   22.0000000       5.80422592    
   22.3999996       4.61012697    
   22.8000011       2.31114388    
   23.2000008       2.00124025    
   23.6000004       3.70008874    
   24.0000000       4.35113955    
   24.3999996       2.09053564    
   24.8000011      -1.11666572    
   25.2000008      -2.11937785    
   25.6000004     -0.854484320    
   26.0000000     -0.351144075    
   26.3999996      -2.46399689    
   26.8000011      -5.23732662    
   27.2000008      -5.54720402    
   27.6000004      -3.37410927    
   28.0000000      -1.80422664    
   28.3999996      -2.75929213    
   28.8000011      -4.35618782    
   29.2000008      -3.54507470    
   29.6000004     -0.376781702    
   30.0000000       2.00000024    
   30.3999996       1.61279988    
   30.8000011      0.309030056    
   31.2000008       1.12014711    
   31.6000004       3.99532938    
   32.0000000       5.80422688    
   32.4000015       4.61022425    
   32.7999992       2.31113243    
   33.2000008       2.00125241    
   33.6000023       3.69998455    
   34.0000000       4.35113764    
   34.4000015       2.09057260    
   34.7999992      -1.11670446    
   35.2000008      -2.11940479    
   35.6000023     -0.854525983    
   36.0000000     -0.351146221    
   36.4000015      -2.46395922    
   36.7999992      -5.23733568    
   37.2000008      -5.54722881    
   37.6000023      -3.37414837    
   38.0000000      -1.80422592    
   38.4000015      -2.75918937    
   38.7999992      -4.35620308    
   39.2000008      -3.54506755    
   39.6000023     -0.376811147    
   40.0000000       2.00000286    
   40.4000015       1.61284161    
   40.7999992      0.309014082    
   41.2000008       1.12012470    
   41.6000023       3.99529552    
   42.0000000       5.80422783    
   42.4000015       4.61020565    
   42.7999992       2.31108594    
   43.2000008       2.00122690    
   43.6000023       3.70000672    
   44.0000000       4.35114193    
   44.4000015       2.09060931    
   44.7999992      -1.11671853    
   45.2000008      -2.11943150    
   45.6000023     -0.854567826    
   46.0000000     -0.351142168    
   46.4000015      -2.46392155    
   46.7999992      -5.23734856    
   47.2000008      -5.54718018    
   47.6000023      -3.37418723    
   48.0000000      -1.80422497    
   48.4000015      -2.75915289    
   48.7999992      -4.35621262    
   49.2000008      -3.54505348    
   49.6000023     -0.376847923    
   50.0000000       2.00000548    
   50.4000015       1.61282539    
   50.7999992      0.308998227    
   51.2000008       1.12013829    
   51.6000023       3.99531150    
   52.0000000       5.80422831    
   52.4000015       4.61018705    
   52.7999992       2.31114411    
   53.2000008       2.00123739    
   53.6000023       3.70002365    
   54.0000000       4.35113335    
   54.4000015       2.09058809    
   54.7999992      -1.11665344    
   55.2000008      -2.11942267    
   55.6000023     -0.854551435    
   56.0000000     -0.351138115    
   56.4000015      -2.46394205    
   56.7999992      -5.23735809    
   57.2000008      -5.54724216    
   57.6000023      -3.37416863    
   58.0000000      -1.80422664    
   58.4000015      -2.75916624    
   58.7999992      -4.35622787    
   59.2000008      -3.54511833    
   59.6000023     -0.376826644    
   60.0000000       2.00000048    
   60.4000015       1.61291790    
   60.7999992      0.308988810    
   61.2000008       1.12014627    
   61.6000023       3.99521971    
   62.0000000       5.80422688    
   62.4000015       4.61016798    
   62.7999992       2.31113338    
   63.2000008       2.00125122    
   63.6000023       3.69992948    
   64.0000000       4.35113716    
   64.4000015       2.09057403    
   64.8000031      -1.11660337    
   65.2000046      -2.11949301    
   65.5999985     -0.854528069    
   66.0000000     -0.351146221    
   66.4000015      -2.46395755    
   66.8000031      -5.23730230    
   67.2000046      -5.54730463    
   67.5999985      -3.37403393    
   68.0000000      -1.80422330    
   68.4000015      -2.75918746    
   68.8000031      -4.35616016    
   69.2000046      -3.54516935    
   69.5999985     -0.376711428    
   70.0000000       2.00001073    
   70.4000015       1.61290908    
   70.8000031      0.309057951    
   71.2000046       1.12009346    
   71.5999985       3.99534369    
   72.0000000       5.80422974    
   72.4000015       4.61026573    
   72.8000031       2.31119180    
   73.2000046       2.00118661    
   73.5999985       3.70006776    
   74.0000000       4.35114145    
   74.4000015       2.09066200    
   74.8000031      -1.11662519    
   75.2000046      -2.11947632    
   75.5999985     -0.854504645    
   76.0000000     -0.351142168    
   76.4000015      -2.46397305    
   76.8000031      -5.23724651    
   77.2000046      -5.54729223    
   77.5999985      -3.37413168    
   78.0000000      -1.80422497    
   78.4000015      -2.75920892    
   78.8000031      -4.35616446    
   79.2000046      -3.54514885    
   79.5999985     -0.376682818    
   80.0000000       2.00000548    
