  0.400000006       1.42443120    
  0.800000012      -1.46354318    
   1.20000005      -1.05795908    
   1.60000002       2.61570525    
   2.00000000       4.90211296    
   2.40000010       2.92311239    
   2.79999995     -0.462478042    
   3.20000005     -0.617398977    
   3.60000014       2.46806812    
   4.00000000       4.17557049    
   4.40000010       1.66330957    
   4.80000019      -2.17637539    
   5.20000029      -2.67772484    
   5.59999990      0.190807223    
   6.00000000       1.82442927    
   6.40000010     -0.613969326    
   6.80000019      -4.23669767    
   7.20000029      -4.39163685    
   7.59999990      -1.06900454    
   8.00000000       1.09788704    
   8.40000057     -0.761568546    
   8.80000019      -3.79613256    
   9.19999981      -3.39056087    
   9.60000038      0.429640889    
   10.0000000       3.00000024    
   10.4000006       1.42445350    
   10.8000002      -1.46352613    
   11.1999998      -1.05795014    
   11.6000004       2.61566877    
   12.0000000       4.90211296    
   12.4000006       2.92315507    
   12.8000002     -0.462468863    
   13.1999998     -0.617408872    
   13.6000004       2.46805215    
   14.0000000       4.17557096    
   14.4000006       1.66333473    
   14.8000002      -2.17635846    
   15.1999998      -2.67772031    
   15.6000004      0.190791488    
   16.0000000       1.82442904    
   16.3999996     -0.613954127    
   16.8000011      -4.23666239    
   17.2000008      -4.39164639    
   17.6000004      -1.06904173    
   18.0000000       1.09788752    
   18.3999996     -0.761597514    
   18.8000011      -3.79610872    
   19.2000008      -3.39059520    
   19.6000004      0.429646671    
   20.0000000       3.00000072    
   20.3999996       1.42446828    
   20.8000011      -1.46351480    
   21.2000008      -1.05798566    
   21.6000004       2.61565351    
   22.0000000       4.90211296    
   22.3999996       2.92308331    
   22.8000011     -0.462432623    
   23.2000008     -0.617445827    
   23.6000004       2.46808076    
   24.0000000       4.17556953    
   24.3999996       1.66330707    
   24.8000011      -2.17632532    
   25.2000008      -2.67773104    
   25.6000004      0.190774798    
   26.0000000       1.82442796    
   26.3999996     -0.613939583    
   26.8000011      -4.23667955    
   27.2000008      -4.39165592    
   27.6000004      -1.06905711    
   28.0000000       1.09788668    
   28.3999996     -0.761625886    
   28.8000011      -3.79609823    
   29.2000008      -3.39060354    
   29.6000004      0.429587156    
   30.0000000       3.00000000    
   30.3999996       1.42443967    
   30.8000011      -1.46347702    
   31.2000008      -1.05796874    
   31.6000004       2.61568117    
   32.0000000       4.90211344    
   32.4000015       2.92322946    
   32.7999992     -0.462449670    
   33.2000008     -0.617428184    
   33.6000023       2.46793127    
   34.0000000       4.17556858    
   34.4000015       1.66336489    
   34.7999992      -2.17639184    
   35.2000008      -2.67776895    
   35.6000023      0.190714717    
   36.0000000       1.82442689    
   36.4000015     -0.613881469    
   36.7999992      -4.23669577    
   37.2000008      -4.39169312    
   37.6000023      -1.06911588    
   38.0000000       1.09788704    
   38.4000015     -0.761477113    
   38.7999992      -3.79611731    
   39.2000008      -3.39058852    
   39.6000023      0.429533094    
   40.0000000       3.00000143    
   40.4000015       1.42449987    
   40.7999992      -1.46349669    
   41.2000008      -1.05800426    
   41.6000023       2.61562490    
   42.0000000       4.90211391    
   42.4000015       2.92320132    
   42.7999992     -0.462520480    
   43.2000008     -0.617465258    
   43.6000023       2.46796131    
   44.0000000       4.17557096    
   44.4000015       1.66342258    
   44.7999992      -2.17641068    
   45.2000008      -2.67780638    
   45.6000023      0.190654457    
   46.0000000       1.82442892    
   46.4000015     -0.613823295    
   46.7999992      -4.23671389    
   47.2000008      -4.39162111    
   47.6000023      -1.06917477    
   48.0000000       1.09788752    
   48.4000015     -0.761419535    
   48.7999992      -3.79613376    
   49.2000008      -3.39056969    
   49.6000023      0.429475456    
   50.0000000       3.00000262    
   50.4000015       1.42447293    
   50.7999992      -1.46351624    
   51.2000008      -1.05798590    
   51.6000023       2.61565185    
   52.0000000       4.90211391    
   52.4000015       2.92317343    
   52.7999992     -0.462431312    
   53.2000008     -0.617448449    
   53.6000023       2.46798849    
   54.0000000       4.17556667    
   54.4000015       1.66339326    
   54.7999992      -2.17631793    
   55.2000008      -2.67779040    
   55.6000023      0.190681398    
   56.0000000       1.82443094    
   56.4000015     -0.613852322    
   56.7999992      -4.23673010    
   57.2000008      -4.39171219    
   57.6000023      -1.06914663    
   58.0000000       1.09788668    
   58.4000015     -0.761444926    
   58.7999992      -3.79615307    
   59.2000008      -3.39066219    
   59.6000023      0.429504812    
   60.0000000       3.00000024    
   60.4000015       1.42461658    
   60.7999992      -1.46353269    
   61.2000008      -1.05797029    
   61.6000023       2.61550856    
   62.0000000       4.90211344    
   62.4000015       2.92314506    
   62.7999992     -0.462448239    
   63.2000008     -0.617429972    
   63.6000023       2.46784401    
   64.0000000       4.17556858    
   64.4000015       1.66336751    
   64.8000031      -2.17623281    
   65.2000046      -2.67788577    
   65.5999985      0.190711796    
   66.0000000       1.82442689    
   66.4000015     -0.613878846    
   66.8000031      -4.23664188    
   67.2000046      -4.39180374    
   67.5999985      -1.06894457    
   68.0000000       1.09788835    
   68.4000015     -0.761474371    
   68.8000031      -3.79605889    
   69.2000046      -3.39074826    
   69.5999985      0.429697335    
   70.0000000       3.00000525    
   70.4000015       1.42459345    
   70.8000031      -1.46343780    
   71.2000046      -1.05805695    
   71.5999985       2.61570525    
   72.0000000       4.90211487    
   72.4000015       2.92329121    
   72.8000031     -0.462358832    
   73.2000046     -0.617522478    
   73.5999985       2.46804786    
   74.0000000       4.17557049    
   74.4000015       1.66350877    
   74.8000031      -2.17625523    
   75.2000046      -2.67786598    
   75.5999985      0.190742314    
   76.0000000       1.82442892    
   76.4000015     -0.613905311    
   76.8000031      -4.23655415    
   77.2000046      -4.39178562    
   77.5999985      -1.06909060    
   78.0000000       1.09788752    
   78.4000015     -0.761503816    
   78.8000031      -3.79607248    
   79.2000046      -3.39072633    
   79.5999985      0.429730296    
   80.0000000       3.00000286    
   80.4000015       1.42456281    
   80.8000031      -1.46345747    
   81.2000046      -1.05814338    
   81.5999985       2.61556196    
   82.0000000       4.90211439    
   82.4000015       2.92326307    
   82.8000031     -0.462267995    
   83.2000046     -0.617507219    
   83.5999985       2.46807265    
   84.0000000       4.17556667    
   84.4000015       1.66330886    
   84.8000031      -2.17627001    
   85.2000046      -2.67795348    
   85.5999985      0.190946817    
   86.0000000       1.82442474    
   86.4000015     -0.613762617    
   86.8000031      -4.23667765    
   87.2000046      -4.39176798    
   87.5999985      -1.06906259    
   88.0000000       1.09788668    
   88.4000015     -0.761529148    
   88.8000031      -3.79598403    
   89.2000046      -3.39060330    
   89.5999985      0.429756075    
   90.0000000       3.00000024    
   90.4000015       1.42471385    
   90.8000031      -1.46347022    
   91.2000046      -1.05812776    
   91.5999985       2.61558867    
   92.0000000       4.90211344    
   92.4000015       2.92323494    
   92.8000031     -0.462286353    
   93.2000046     -0.617488742    
   93.5999985       2.46810246    
   94.0000000       4.17556858    
   94.4000015       1.66328311    
   94.8000031      -2.17629266    
   95.2000046      -2.67794108    
   95.5999985      0.190621972    
   96.0000000       1.82442677    
   96.4000015     -0.613789082    
   96.8000031      -4.23647881    
   97.2000046      -4.39175129    
   97.5999985      -1.06903434    
   98.0000000       1.09788835    
   98.4000015     -0.761558652    
   98.8000031      -3.79600334    
   99.2000046      -3.39079666    
   99.5999985      0.429789096    
   100.000000       3.00000548    
   100.400002       1.42468333    
   100.800003      -1.46348977    
   101.200005      -1.05811226    
   101.599998       2.61561561    
   102.000000       4.90211487    
   102.400002       2.92320681    
   102.800003     -0.462303281    
   103.200005     -0.617470026    
   103.599998       2.46812725    
   104.000000       4.17556477    
   104.400002       1.66359854    
   104.800003      -2.17630744    
   105.200005      -2.67792153    
   105.599998      0.190645278    
   106.000000       1.82442260    
   106.400002     -0.613820493    
   106.800003      -4.23649836    
   107.200005      -4.39173365    
   107.599998      -1.06900585    
   108.000000       1.09788990    
   108.400002     -0.761583924    
   108.800003      -3.79601717    
   109.200005      -3.39078140    
   109.599998      0.429459095    
   110.000000       3.00001049    
   110.400002       1.42466009    
   110.800003      -1.46350265    
   111.200005      -1.05809128    
   111.599998       2.61564231    
   112.000000       4.90211201    
   112.400002       2.92317915    
   112.800003     -0.462321639    
   113.200005     -0.617670417    
   113.599998       2.46816206    
   114.000000       4.17557240    
   114.400002       1.66356564    
   114.800003      -2.17633009    
   115.200005      -2.67790914    
   115.599998      0.190682828    
   116.000000       1.82443082    
   116.400002     -0.613842130    
   116.800003      -4.23651791    
   117.200005      -4.39171696    
   117.599998      -1.06897831    
   118.000000       1.09788680    
   118.400002     -0.761269271    
   118.800003      -3.79603100    
   119.200005      -3.39075971    
   119.599998      0.429492235    
   120.000000       3.00000048    
   120.400002       1.42462230    
   120.800003      -1.46331370    
   121.200005      -1.05807018    
   121.599998       2.61567307    
   122.000000       4.90211344    
   122.400002       2.92315054    
   122.800003     -0.462337136    
   123.200005     -0.617655158    
   123.599998       2.46783829    
   124.000000       4.17556858    
   124.400002       1.66354692    
   124.800003      -2.17633724    
   125.200005      -2.67788172    
   125.599998      0.190706193    
   126.000000       1.82442665    
   126.400002     -0.613873482    
   126.800003      -4.23653078    
   127.200005      -4.39191341    
   127.599998      -1.06894994    
   128.000000       1.09788835    
   128.400009     -0.761286497    
   128.800003      -3.79605532    
   129.199997      -3.39053607    
   129.600006      0.429176927    
   130.000000       3.00000548    
   130.400009       1.42496216    
   130.800003      -1.46332657    
   131.199997      -1.05806017    
   131.600006       2.61535573    
   132.000000       4.90211487    
   132.400009       2.92347193    
   132.800003     -0.462355614    
   133.199997     -0.617418170    
   133.600006       2.46786332    
   134.000000       4.17556429    
   134.400009       1.66384816    
   134.800003      -2.17614460    
   135.199997      -2.67765403    
   135.600006      0.190381229    
   136.000000       1.82442260    
   136.400009     -0.613556564    
   136.800003      -4.23655033    
   137.199997      -4.39167881    
   137.600006      -1.06926978    
   138.000000       1.09788990    
   138.400009     -0.760971785    
   138.800003      -3.79606915    
   139.199997      -3.39052749    
   139.600006      0.429210037    
   140.000000       3.00001073    
   140.400009       1.42492414    
   140.800003      -1.46333957    
   141.199997      -1.05805016    
   141.600006       2.61538649    
   142.000000       4.90211678    
   142.400009       2.92344308    
   142.800003     -0.462373972    
   143.199997     -0.617396593    
   143.600006       2.46753979    
   144.000000       4.17556000    
   144.400009       1.66382945    
   144.800003      -2.17616677    
   145.199997      -2.67784190    
   145.600006      0.190404594    
   146.000000       1.82443082    
   146.400009     -0.613587976    
   146.800003      -4.23656988    
   147.199997      -4.39166260    
   147.600006      -1.06924129    
   148.000000       1.09788680    
   148.400009     -0.760997117    
   148.800003      -3.79586768    
   149.199997      -3.39050579    
   149.600006      0.429243118    
   150.000000       3.00000048    
   150.400009       1.42490101    
   150.800003      -1.46335244    
   151.199997      -1.05802906    
   151.600006       2.61541748    
   152.000000       4.90211344    
   152.400009       2.92341542    
   152.800003     -0.462389469    
   153.199997     -0.617381215    
   153.600006       2.46756458    
   154.000000       4.17556858    
   154.400009       1.66379666    
   154.800003      -2.17617440    
   155.199997      -2.67782950    
   155.600006      0.190428019    
   156.000000       1.82442665    
   156.400009     -0.613619328    
   156.800003      -4.23658323    
   157.199997      -4.39164591    
   157.600006      -1.06921291    
   158.000000       1.09788835    
   158.400009     -0.761022568    
   158.800003      -3.79589224    
   159.199997      -3.39048386    
   159.600006      0.429276198    
   160.000000       3.00000548    
