   3.99999991E-02   2.45270538    
   7.99999982E-02   2.45022511    
  0.119999997       2.14007378    
  0.159999996       1.73666501    
  0.199999988       1.46401894    
  0.239999995       1.49650562    
  0.280000001       1.91240919    
  0.319999993       2.67189598    
  0.359999985       3.62492132    
  0.399999976       4.54718256    
  0.439999998       5.19525337    
  0.479999989       5.36727285    
  0.519999981       4.95417213    
  0.560000002       3.96870279    
  0.599999964       2.54504967    
  0.639999986      0.909011841    
  0.680000007     -0.673946142    
  0.719999969      -1.96007228    
  0.759999990      -2.78306866    
  0.799999952      -3.09053230    
  0.839999974      -2.95225763    
  0.879999995      -2.53846431    
  0.919999957      -2.07349920    
  0.959999979      -1.77655149    
   1.00000000      -1.80422592    
   1.03999996      -2.20923185    
   1.07999992      -2.92550421    
   1.12000000      -3.78349137    
   1.15999997      -4.55186796    
   1.19999993      -4.99534559    
   1.24000001      -4.93428135    
   1.27999997      -4.29127502    
   1.31999993      -3.11317086    
   1.36000001      -1.56292748    
   1.39999998      0.116698802    
   1.43999994       1.65891230    
   1.48000002       2.83424902    
   1.51999998       3.50266004    
   1.55999994       3.64351296    
   1.59999990       3.35622358    
   1.63999999       2.83150339    
   1.67999995       2.30051875    
   1.71999991       1.97453380    
   1.75999999       1.99021602    
   1.79999995       2.37407279    
   1.83999991       3.03496885    
   1.88000000       3.78654575    
   1.91999996       4.39403772    
   1.95999992       4.63385010    
   2.00000000       4.35114193    
   2.03999996       3.50107670    
   2.07999992       2.16346455    
   2.11999989      0.527031422    
   2.15999985      -1.15286231    
   2.20000005      -2.61279607    
   2.24000001      -3.64173174    
   2.27999997      -4.12862825    
   2.31999993      -4.08544636    
   2.35999990      -3.64012146    
   2.39999986      -3.00127554    
   2.44000006      -2.40358829    
   2.48000002      -2.04736757    
   2.51999998      -2.04736900    
   2.55999994      -2.40359259    
   2.59999990      -3.00127244    
   2.63999987      -3.64011884    
   2.67999983      -4.08544922    
   2.72000003      -4.12863207    
   2.75999999      -3.64173317    
   2.79999995      -2.61279726    
   2.83999991      -1.15287042    
   2.87999988      0.527023077    
   2.91999984       2.16345668    
   2.96000004       3.50107551    
   3.00000000       4.35114002    
   3.03999996       4.63384819    
   3.07999992       4.39403486    
   3.11999989       3.78654313    
   3.15999985       3.03496599    
   3.19999981       2.37407589    
   3.24000001       1.99021566    
   3.27999997       1.97453558    
   3.31999993       2.30052090    
   3.35999990       2.83150268    
   3.39999986       3.35622096    
   3.43999982       3.64351797    
   3.48000002       3.50266171    
   3.51999998       2.83425164    
   3.55999994       1.65891993    
   3.59999990      0.116706967    
   3.63999987      -1.56292677    
   3.67999983      -3.11316204    
   3.72000003      -4.29127216    
   3.75999999      -4.93428230    
   3.79999995      -4.99534369    
   3.83999991      -4.55186653    
   3.87999988      -3.78348899    
   3.91999984      -2.92550254    
   3.95999980      -2.20923567    
   4.00000000      -1.80422664    
   4.03999996      -1.77655613    
   4.07999992      -2.07350492    
   4.11999989      -2.53846812    
   4.15999985      -2.95225763    
   4.19999981      -3.09053802    
   4.23999977      -2.78307366    
   4.27999973      -1.96008313    
   4.31999969     -0.673952401    
   4.36000013      0.909015954    
   4.40000010       2.54505610    
   4.44000006       3.96870518    
   4.48000002       4.95417166    
   4.51999998       5.36727047    
   4.55999994       5.19525194    
   4.59999990       4.54718065    
   4.63999987       3.62491989    
   4.67999983       2.67189503    
   4.71999979       1.91241205    
   4.75999975       1.49650836    
   4.79999971       1.46401882    
   4.83999968       1.73666787    
   4.88000011       2.14007568    
   4.92000008       2.45023036    
   4.96000004       2.45270610    
   5.00000000       2.00000238    
   5.03999996       1.05252481    
   5.07999992     -0.306913853    
   5.11999989      -1.88891184    
   5.15999985      -3.43978548    
   5.19999981      -4.70007706    
   5.23999977      -5.46496105    
   5.27999973      -5.63151455    
   5.31999969      -5.22159576    
   5.35999966      -4.37445307    
   5.40000010      -3.31110597    
   5.44000006      -2.27937317    
   5.48000002      -1.49293804    
   5.51999998      -1.07984483    
   5.55999994      -1.05282640    
   5.59999990      -1.30898213    
   5.63999987      -1.65853596    
   5.67999983      -1.87575459    
   5.71999979      -1.75903487    
   5.75999975      -1.18539715    
   5.79999971     -0.145540714    
   5.83999968       1.24913168    
   5.87999964       2.78961802    
   5.92000008       4.21680593    
   5.96000004       5.28177881    
   6.00000000       5.80422497    
   6.03999996       5.71445751    
   6.07999992       5.06881046    
   6.11999989       4.03465366    
   6.15999985       2.84875035    
   6.19999981       1.75928104    
   6.23999977      0.965826511    
   6.27999973      0.572177291    
   6.31999969      0.563480139    
   6.35999966      0.813403130    
   6.39999962       1.11936426    
   6.44000006       1.25696754    
   6.48000002       1.04008543    
   6.51999998      0.371675014    
   6.55999994     -0.727642894    
   6.59999990      -2.12015629    
   6.63999987      -3.58103561    
   6.67999983      -4.85021591    
   6.71999979      -5.69363642    
   6.75999975      -5.95867443    
   6.79999971      -5.61014509    
   6.83999968      -4.73809338    
   6.87999964      -3.53539467    
   6.92000008      -2.25072289    
   6.96000004      -1.12861705    
   7.00000000     -0.351143599    
   7.03999996       4.13823128E-03
   7.07999992      -2.01549530E-02
   7.11999989     -0.275870860    
   7.15999985     -0.550253808    
   7.19999981     -0.623282075    
   7.23999977     -0.326732278    
   7.27999973      0.409519911    
   7.31999969       1.53574026    
   7.35999966       2.89058685    
   7.39999962       4.23733854    
   7.44000006       5.31946230    
   7.48000002       5.92170048    
   7.51999998       5.92170048    
   7.55999994       5.31946564    
   7.59999990       4.23734379    
   7.63999987       2.89059448    
   7.67999983       1.53575003    
   7.71999979      0.409531713    
   7.75999975     -0.326718926    
   7.79999971     -0.623267353    
   7.83999968     -0.550246000    
   7.87999964     -0.275863051    
   7.91999960      -2.01529264E-02
   7.96000004       4.15909290E-03
   8.00000000     -0.351138115    
   8.03999996      -1.12862539    
   8.07999992      -2.25072861    
   8.11999989      -3.53538704    
   8.15999985      -4.73809052    
   8.19999981      -5.61014509    
   8.23999977      -5.95867538    
   8.27999973      -5.69364548    
   8.31999969      -4.85022211    
   8.35999966      -3.58103895    
   8.39999962      -2.12017155    
   8.43999958     -0.727654457    
   8.47999954      0.371661782    
   8.51999950       1.04007840    
   8.55999947       1.25694466    
   8.59999943       1.11935568    
   8.63999939      0.813395977    
   8.67999935      0.563466430    
   8.72000027      0.572159648    
   8.76000023      0.965823770    
   8.80000019       1.75928700    
   8.84000015       2.84876513    
   8.88000011       4.03466702    
   8.92000008       5.06882381    
   8.96000004       5.71445894    
   9.00000000       5.80422497    
   9.03999996       5.28178167    
   9.07999992       4.21680927    
   9.11999989       2.78962803    
   9.15999985       1.24914956    
   9.19999981     -0.145527720    
   9.23999977      -1.18538296    
   9.27999973      -1.75902760    
   9.31999969      -1.87573195    
   9.35999966      -1.65852129    
   9.39999962      -1.30898285    
   9.43999958      -1.05283070    
   9.47999954      -1.07983005    
   9.51999950      -1.49293065    
   9.55999947      -2.27936840    
   9.59999943      -3.31110525    
   9.63999939      -4.37443829    
   9.67999935      -5.22158813    
   9.71999931      -5.63151646    
   9.76000023      -5.46496058    
   9.80000019      -4.70008564    
   9.84000015      -3.43977618    
   9.88000011      -1.88890171    
   9.92000008     -0.306905985    
   9.96000004       1.05251825    
   10.0000000       1.99999535    
   10.0400000       2.45269895    
   10.0799999       2.45020294    
   10.1199999       2.14006853    
   10.1599998       1.73666286    
   10.1999998       1.46400952    
   10.2399998       1.49649656    
   10.2799997       1.91241014    
   10.3199997       2.67190504    
   10.3599997       3.62490606    
   10.3999996       4.54717159    
   10.4399996       5.19524765    
   10.4799995       5.36727428    
   10.5199995       4.95418024    
   10.5599995       3.96872687    
   10.5999994       2.54507542    
   10.6399994      0.909036338    
   10.6799994     -0.673927009    
   10.7199993      -1.96004796    
   10.7600002      -2.78306484    
   10.8000002      -3.09052205    
   10.8400002      -2.95224333    
   10.8800001      -2.53844118    
   10.9200001      -2.07348061    
   10.9600000      -1.77654123    
   11.0000000      -1.80422211    
   11.0400000      -2.20924139    
   11.0799999      -2.92549706    
   11.1199999      -3.78348374    
   11.1599998      -4.55186558    
   11.1999998      -4.99534702    
   11.2399998      -4.93428612    
   11.2799997      -4.29128027    
   11.3199997      -3.11318684    
   11.3599997      -1.56294727    
   11.3999996      0.116686165    
   11.4399996       1.65890467    
   11.4799995       2.83423018    
   11.5199995       3.50264812    
   11.5599995       3.64350748    
   11.5999994       3.35621953    
   11.6399994       2.83149600    
   11.6799994       2.30051208    
   11.7199993       1.97453117    
   11.7599993       1.99021268    
   11.8000002       2.37407255    
   11.8400002       3.03496838    
   11.8800001       3.78654528    
   11.9200001       4.39403534    
   11.9600000       4.63385582    
   12.0000000       4.35114574    
   12.0400000       3.50107789    
   12.0799999       2.16347361    
   12.1199999      0.527036667    
   12.1599998      -1.15286052    
   12.1999998      -2.61279130    
   12.2399998      -3.64171743    
   12.2799997      -4.12861729    
   12.3199997      -4.08543777    
   12.3599997      -3.64011168    
   12.3999996      -3.00126195    
   12.4399996      -2.40358186    
   12.4799995      -2.04736567    
   12.5199995      -2.04737043    
   12.5599995      -2.40359879    
   12.5999994      -3.00128770    
   12.6399994      -3.64013433    
   12.6799994      -4.08546066    
   12.7199993      -4.12863827    
   12.7599993      -3.64175129    
   12.7999992      -2.61282086    
   12.8400002      -1.15285385    
   12.8800001      0.527029276    
   12.9200001       2.16346502    
   12.9600000       3.50108004    
   13.0000000       4.35114241    
   13.0400000       4.63383675    
   13.0799999       4.39402294    
   13.1199999       3.78653216    
   13.1599998       3.03495312    
   13.1999998       2.37406445    
   13.2399998       1.99021518    
   13.2799997       1.97454095    
   13.3199997       2.30053663    
   13.3599997       2.83152819    
   13.3999996       3.35621572    
   13.4399996       3.64351058    
   13.4799995       3.50267506    
   13.5199995       2.83426857    
   13.5599995       1.65893662    
   13.5999994      0.116723061    
   13.6399994      -1.56289589    
   13.6799994      -3.11314178    
   13.7199993      -4.29125786    
   13.7599993      -4.93426561    
   13.7999992      -4.99533987    
   13.8400002      -4.55184793    
   13.8800001      -3.78347111    
   13.9200001      -2.92548728    
   13.9600000      -2.20922375    
   14.0000000      -1.80422807    
   14.0400000      -1.77656353    
   14.0799999      -2.07352805    
   14.1199999      -2.53846717    
   14.1599998      -2.95225716    
   14.1999998      -3.09053278    
   14.2399998      -2.78308511    
   14.2799997      -1.96008945    
   14.3199997     -0.673960447    
   14.3599997      0.908999681    
   14.3999996       2.54502726    
   14.4399996       3.96868753    
   14.4799995       4.95416260    
   14.5199995       5.36726952    
   14.5599995       5.19525337    
   14.5999994       4.54718304    
   14.6399994       3.62492394    
   14.6799994       2.67189932    
   14.7199993       1.91241753    
   14.7599993       1.49652243    
   14.7999992       1.46402860    
   14.8399992       1.73668599    
   14.8800001       2.14008164    
   14.9200001       2.45021677    
   14.9600000       2.45270848    
   15.0000000       2.00001454    
   15.0400000       1.05251646    
   15.0799999     -0.306912184    
   15.1199999      -1.88889670    
   15.1599998      -3.43978405    
   15.1999998      -4.70008039    
   15.2399998      -5.46495247    
   15.2799997      -5.63151169    
   15.3199997      -5.22158575    
   15.3599997      -4.37444210    
   15.3999996      -3.31111240    
   15.4399996      -2.27938318    
   15.4799995      -1.49294150    
   15.5199995      -1.07985187    
   15.5599995      -1.05285525    
   15.5999994      -1.30899644    
   15.6399994      -1.65856552    
   15.6799994      -1.87576008    
   15.7199993      -1.75905120    
   15.7599993      -1.18541908    
   15.7999992     -0.145556569    
   15.8399992       1.24910331    
   15.8800001       2.78963685    
   15.9200001       4.21680737    
   15.9600000       5.28178549    
   16.0000000       5.80422401    
