   3.99999991E-02   3.24695396    
   7.99999982E-02   2.78305078    
  0.119999997       1.80640554    
  0.159999996      0.624774933    
  0.199999988     -0.427050591    
  0.239999995      -1.07423115    
  0.280000001      -1.17129576    
  0.319999993     -0.736701131    
  0.359999985       5.58899641E-02
  0.399999976      0.927050292    
  0.439999998       1.56887221    
  0.479999989       1.73017883    
  0.519999981       1.28771555    
  0.560000002      0.284792662    
  0.599999964      -1.07294822    
  0.639999986      -2.46425819    
  0.680000007      -3.53030705    
  0.719999969      -3.96490002    
  0.759999990      -3.59437799    
  0.799999952      -2.42705297    
  0.839999974     -0.659304678    
  0.879999995       1.36394477    
  0.919999957       3.22551441    
  0.959999979       4.53103352    
   1.00000000       5.00000000    
   1.03999996       4.53103352    
   1.07999992       3.22551537    
   1.12000000       1.36394083    
   1.15999997     -0.659304321    
   1.19999993      -2.42705011    
   1.24000001      -3.59437871    
   1.27999997      -3.96489954    
   1.31999993      -3.53030729    
   1.36000001      -2.46425366    
   1.39999998      -1.07295036    
   1.43999994      0.284792304    
   1.48000002       1.28771663    
   1.51999998       1.73017895    
   1.55999994       1.56887150    
   1.59999990      0.927053690    
   1.63999999       5.58887124E-02
   1.67999995     -0.736698389    
   1.71999991      -1.17129481    
   1.75999999      -1.07423007    
   1.79999995     -0.427051544    
   1.83999991      0.624774694    
   1.88000000       1.80640543    
   1.91999996       2.78305101    
   1.95999992       3.24695539    
   2.00000000       2.99999857    
   2.03999996       2.01088309    
   2.07999992      0.431910396    
   2.11999989      -1.42965972    
   2.15999985      -3.17944956    
   2.20000005      -4.42705393    
   2.24000001      -4.87845612    
   2.27999997      -4.40736389    
   2.31999993      -3.08784175    
   2.35999990      -1.18018174    
   2.39999986      0.927048087    
   2.44000006       2.80494595    
   2.48000002       4.08132124    
   2.51999998       4.52378273    
   2.55999994       4.08901596    
   2.59999990       2.92705655    
   2.63999987       1.33997488    
   2.67999983     -0.294233322    
   2.72000003      -1.61376333    
   2.75999999      -2.35831141    
   2.79999995      -2.42705512    
   2.83999991      -1.89537287    
   2.87999988     -0.987200022    
   2.91999984      -1.05541945E-02
   2.96000004      0.726805925    
   3.00000000       1.00000000    
   3.03999996      0.726806641    
   3.07999992      -1.05545521E-02
   3.11999989     -0.987200320    
   3.15999985      -1.89537334    
   3.19999981      -2.42704868    
   3.24000001      -2.35830903    
   3.27999997      -1.61375558    
   3.31999993     -0.294232726    
   3.35999990       1.33996439    
   3.39999986       2.92704630    
   3.43999982       4.08901596    
   3.48000002       4.52378368    
   3.51999998       4.08131504    
   3.55999994       2.80494189    
   3.59999990      0.927052677    
   3.63999987      -1.18017697    
   3.67999983      -3.08784246    
   3.72000003      -4.40736628    
   3.75999999      -4.87845755    
   3.79999995      -4.42705059    
   3.83999991      -3.17944884    
   3.87999988      -1.42965889    
   3.91999984      0.431911111    
   3.95999980       2.01088095    
   4.00000000       3.00000262    
   4.03999996       3.24695444    
   4.07999992       2.78304887    
   4.11999989       1.80641294    
   4.15999985      0.624780655    
   4.19999981     -0.427048445    
   4.23999977      -1.07422960    
   4.27999973      -1.17129469    
   4.31999969     -0.736700892    
   4.36000013       5.58948517E-02
   4.40000010      0.927055597    
   4.44000006       1.56887424    
   4.48000002       1.73017442    
   4.51999998       1.28771174    
   4.55999994      0.284792304    
   4.59999990      -1.07295084    
   4.63999987      -2.46425986    
   4.67999983      -3.53030872    
   4.71999979      -3.96489739    
   4.75999975      -3.59437919    
   4.79999971      -2.42705464    
   4.83999968     -0.659308732    
   4.88000011       1.36395514    
   4.92000008       3.22552061    
   4.96000004       4.53103733    
   5.00000000       5.00000000    
   5.03999996       4.53102827    
   5.07999992       3.22551489    
   5.11999989       1.36393034    
   5.15999985     -0.659315825    
   5.19999981      -2.42704678    
   5.23999977      -3.59437943    
   5.27999973      -3.96490026    
   5.31999969      -3.53031111    
   5.35999966      -2.46426487    
   5.40000010      -1.07293546    
   5.44000006      0.284804463    
   5.48000002       1.28772187    
   5.51999998       1.73017883    
   5.55999994       1.56888103    
   5.59999990      0.927061617    
   5.63999987       5.58930039E-02
   5.67999983     -0.736699581    
   5.71999979      -1.17129505    
   5.75999975      -1.07423198    
   5.79999971     -0.427052498    
   5.83999968      0.624773741    
   5.87999964       1.80640459    
   5.92000008       2.78304434    
   5.96000004       3.24694681    
   6.00000000       2.99999213    
   6.03999996       2.01088476    
   6.07999992      0.431907773    
   6.11999989      -1.42966545    
   6.15999985      -3.17945409    
   6.19999981      -4.42705345    
   6.23999977      -4.87845707    
   6.27999973      -4.40736055    
   6.31999969      -3.08783627    
   6.35999966      -1.18019199    
   6.39999962      0.927030802    
   6.44000006       2.80494785    
   6.48000002       4.08132458    
   6.51999998       4.52378368    
   6.55999994       4.08901405    
   6.59999990       2.92704177    
   6.63999987       1.33995748    
   6.67999983     -0.294249058    
   6.71999979      -1.61375868    
   6.75999975      -2.35830927    
   6.79999971      -2.42705441    
   6.83999968      -1.89537847    
   6.87999964     -0.987206280    
   6.92000008      -1.05448961E-02
   6.96000004      0.726812482    
   7.00000000       1.00000000    
   7.03999996      0.726801038    
   7.07999992      -1.05445385E-02
   7.11999989     -0.987194061    
   7.15999985      -1.89536786    
   7.19999981      -2.42704844    
   7.23999977      -2.35830927    
   7.27999973      -1.61375928    
   7.31999969     -0.294239044    
   7.35999966       1.33996809    
   7.39999962       2.92705011    
   7.44000006       4.08901596    
   7.48000002       4.52378225    
   7.51999998       4.08131790    
   7.55999994       2.80493641    
   7.59999990      0.927046001    
   7.63999987      -1.18018365    
   7.67999983      -3.08784771    
   7.71999979      -4.40736723    
   7.75999975      -4.87845755    
   7.79999971      -4.42704773    
   7.83999968      -3.17944670    
   7.87999964      -1.42968059    
   7.91999960      0.431894422    
   7.96000004       2.01089454    
   8.00000000       3.00000548    
   8.03999996       3.24695516    
   8.07999992       2.78304744    
   8.11999989       1.80639887    
   8.15999985      0.624767303    
   8.19999981     -0.427057743    
   8.23999977      -1.07423174    
   8.27999973      -1.17129910    
   8.31999969     -0.736714840    
   8.35999966       5.58812022E-02
   8.39999962      0.927050352    
   8.43999958       1.56886601    
   8.47999954       1.73018265    
   8.51999950       1.28771663    
   8.55999947      0.284798861    
   8.59999943      -1.07294393    
   8.63999939      -2.46425438    
   8.67999935      -3.53030157    
   8.72000027      -3.96489906    
   8.76000023      -3.59437323    
   8.80000019      -2.42702842    
   8.84000015     -0.659281611    
   8.88000011       1.36397290    
   8.92000008       3.22553539    
   8.96000004       4.53103685    
   9.00000000       5.00000000    
   9.03999996       4.53102827    
   9.07999992       3.22550988    
   9.11999989       1.36394143    
   9.15999985     -0.659311831    
   9.19999981      -2.42705131    
   9.23999977      -3.59438396    
   9.27999973      -3.96489668    
   9.31999969      -3.53030515    
   9.35999966      -2.46425033    
   9.39999962      -1.07296407    
   9.43999958      0.284782171    
   9.47999954       1.28770733    
   9.51999950       1.73018229    
   9.55999947       1.56887412    
   9.59999943      0.927063525    
   9.63999939       5.58953881E-02
   9.67999935     -0.736691833    
   9.71999931      -1.17129505    
   9.76000023      -1.07422447    
   9.80000019     -0.427043438    
   9.84000015      0.624787092    
   9.88000011       1.80641413    
   9.92000008       2.78306174    
   9.96000004       3.24695158    
   10.0000000       2.99999714    
   10.0400000       2.01086760    
   10.0799999      0.431892157    
   10.1199999      -1.42966425    
   10.1599998      -3.17944837    
   10.1999998      -4.42706203    
   10.2399998      -4.87845850    
   10.2799997      -4.40735769    
   10.3199997      -3.08782220    
   10.3599997      -1.18020380    
   10.3999996      0.927034259    
   10.4399996       2.80492258    
   10.4799995       4.08131933    
   10.5199995       4.52378798    
   10.5599995       4.08903027    
   10.5999994       2.92707038    
   10.6399994       1.33999097    
   10.6799994     -0.294223070    
   10.7199993      -1.61374593    
   10.7600002      -2.35832119    
   10.8000002      -2.42704225    
   10.8400002      -1.89536071    
   10.8800001     -0.987176180    
   10.9200001      -1.05286837E-02
   10.9600000      0.726819038    
   11.0000000       1.00000000    
   11.0400000      0.726794481    
   11.0799999      -1.05414391E-02
   11.1199999     -0.987178445    
   11.1599998      -1.89535856    
   11.1999998      -2.42703366    
   11.2399998      -2.35830545    
   11.2799997      -1.61376595    
   11.3199997     -0.294242978    
   11.3599997       1.33995938    
   11.3999996       2.92704344    
   11.4399996       4.08901501    
   11.4799995       4.52377892    
   11.5199995       4.08132362    
   11.5599995       2.80493855    
   11.5999994      0.927057803    
   11.6399994      -1.18017912    
   11.6799994      -3.08783817    
   11.7199993      -4.40735674    
   11.7599993      -4.87845707    
   11.8000002      -4.42705202    
   11.8400002      -3.17944765    
   11.8800001      -1.42965889    
   11.9200001      0.431922078    
   11.9600000       2.01089382    
   12.0000000       3.00001574    
   12.0400000       3.24696112    
   12.0799999       2.78304958    
   12.1199999       1.80640781    
   12.1599998      0.624772310    
   12.1999998     -0.427053452    
   12.2399998      -1.07423222    
   12.2799997      -1.17129946    
   12.3199997     -0.736698866    
   12.3599997       5.58866858E-02
   12.3999996      0.927054822    
   12.4399996       1.56888127    
   12.4799995       1.73017836    
   12.5199995       1.28771544    
   12.5599995      0.284784913    
   12.5999994      -1.07295883    
   12.6399994      -2.46426630    
   12.6799994      -3.53031659    
   12.7199993      -3.96488357    
   12.7599993      -3.59438467    
   12.7999992      -2.42707968    
   12.8400002     -0.659278333    
   12.8800001       1.36396170    
   12.9200001       3.22553539    
   12.9600000       4.53104305    
   13.0000000       5.00000000    
   13.0400000       4.53102255    
   13.0799999       3.22549057    
   13.1199999       1.36391759    
   13.1599998     -0.659321249    
   13.1999998      -2.42707062    
   13.2399998      -3.59438133    
   13.2799997      -3.96489954    
   13.3199997      -3.53029013    
   13.3599997      -2.46423817    
   13.3999996      -1.07297099    
   13.4399996      0.284780622    
   13.4799995       1.28771150    
   13.5199995       1.73018026    
   13.5599995       1.56888866    
   13.5999994      0.927065492    
   13.6399994       5.59123158E-02
   13.6799994     -0.736690164    
   13.7199993      -1.17128634    
   13.7599993      -1.07423437    
   13.7999992     -0.427061081    
   13.8400002      0.624797940    
   13.8800001       1.80643272    
   13.9200001       2.78306627    
   13.9600000       3.24696398    
   14.0000000       2.99998665    
   14.0400000       2.01086473    
   14.0799999      0.431870818    
   14.1199999      -1.42965412    
   14.1599998      -3.17944503    
   14.1999998      -4.42704487    
   14.2399998      -4.87845612    
   14.2799997      -4.40736294    
   14.3199997      -3.08784938    
   14.3599997      -1.18017864    
   14.3999996      0.927044153    
   14.4399996       2.80494308    
   14.4799995       4.08131933    
   14.5199995       4.52379036    
   14.5599995       4.08902311    
   14.5999994       2.92705536    
   14.6399994       1.33997250    
   14.6799994     -0.294232249    
   14.7199993      -1.61375999    
   14.7599993      -2.35830593    
   14.7999992      -2.42705512    
   14.8399992      -1.89536881    
   14.8800001     -0.987214565    
   14.9200001      -1.05602741E-02
   14.9600000      0.726806283    
   15.0000000       1.00000000    
   15.0400000      0.726807475    
   15.0799999      -1.05484724E-02
   15.1199999     -0.987197995    
   15.1599998      -1.89536285    
   15.1999998      -2.42704797    
   15.2399998      -2.35829782    
   15.2799997      -1.61375189    
   15.3199997     -0.294233918    
   15.3599997       1.33997798    
   15.3999996       2.92705822    
   15.4399996       4.08902216    
   15.4799995       4.52378559    
   15.5199995       4.08131123    
   15.5599995       2.80493283    
   15.5999994      0.927032709    
   15.6399994      -1.18018985    
   15.6799994      -3.08784628    
   15.7199993      -4.40736866    
   15.7599993      -4.87845945    
   15.7999992      -4.42706966    
   15.8399992      -3.17948103    
   15.8800001      -1.42963719    
   15.9200001      0.431931257    
   15.9600000       2.01091099    
   16.0000000       3.00001073    
